0
0
0
0
0
0
2133
1023
-4334
3426
3881
2733
-8491
-9002
-13187
-15331
-9472
-2014
9440
7907
10906
3700
-1745
-8186
-15710
-11482
-2192
-7865
-12675
8831
11576
-8776
-16105
-1098
11959
18255
17676
22710
14010
-11869
-17079
11803
13818
-14812
-24548
-16397
-20353
-24340
-23388
-9645
16089
16936
-13397
-25545
-19930
-23919
-11929
6194
-8766
-29349
-12027
15526
25413
23174
11788
-4840
1043
-1801
5982
-12818
-24053
-23631
-12962
6925
-9329
16716
24385
13455
-9448
6199
-11677
-25231
-22689
-20770
-22612
-15840
8923
-8777
12003
24553
24775
10966
-13191
19320
24768
15640
-11948
15885
25828
21606
21257
16734
-7598
8583
-18048
-18668
16514
24862
22091
23645
19710
-22002
-22248
20516
20313
-18715
-22541
-18103
-24305
-19850
20574
21044
-18160
-25017
-23043
-17277
19250
20634
-20974
-21349
21523
19623
-20171
-23203
-20982
-18760
15821
28114
18661
-22322
-19690
21828
19672
-22156
-18302
15574
-9911
9788
-14818
19075
24162
15779
-14946
15707
-17613
-24344
-16991
16245
-16784
16953
24934
21693
-20176
-24127
-20316
19648
25595
19573
-22264
-20335
21460
21858
-22360
-21823
21211
21017
-20295
-23829
-15567
15858
-16102
19278
24552
18878
-18093
21495
19257
-17780
15659
26570
19791
-22328
-18647
16710
-13875
14985
-17566
19820
21882
21481
-21469
-24031
-18841
18793
-19601
-23529
-19583
19241
-18456
-21790
-23631
-18208
18991
20000
-16351
16530
-20013
-20029
17424
-17809
-23441
-21611
-20833
-21909
-20522
-22807
-19893
19822
22571
22728
19563
-19282
-22759
-22759
-18887
18834
-20683
-20375
19634
-20506
-20939
20080
-20223
-21629
20694
23776
19791
-20077
-21663
-23286
-19102
19472
-20402
-22525
22328
20928
-20480
22039
20042
-18437
17721
-17251
18295
-19859
22052
19644
-18474
18074
-18338
18924
-19555
20409
22610
21521
-21806
-21048
20973
-21618
-20389
19630
-18600
19224
-19824
20510
-21222
-21562
21390
21629
22193
20293
-20439
20896
21539
22327
20106
-19767
19657
-20055
20765
-21498
-21144
20629
-20367
20548
22556
20582
-20674
20386
22298
21554
21365
22185
21223
-21065
21415
21636
-21179
-21894
-21565
-21783
-21412
-22047
-20481
21037
23065
20312
-20014
20147
-20291
20449
22557
21006
-21137
21471
21532
-21179
21402
21962
-21776
-21247
20858
-20926
20858
22061
21401
22283
20788
-20629
20442
-20666
20677
-21028
21474
21889
-21452
-21572
-21866
-21096
21278
22215
21486
-21096
-22030
-21222
21404
22171
21102
-20972
21064
-20867
21327
-21176
-21817
-21358
-21722
-20986
21186
-21011
21661
22145
21748
-21581
-21322
21647
-21726
-21384
21401
-21050
21414
-21436
-21196
21201
-20845
21189
-21272
21771
21856
-21489
-21794
-21371
-21871
-21285
21649
-21683
-21436
21747
21713
21898
21808
-21937
-21382
21386
-21516
21734
21485
21830
21409
-21450
21538
22011
21404
-21402
-21769
-21508
-21659
-21534
21701
22012
-21647
-21152
21504
-21158
21415
-21435
-21738
21762
21684
21942
21290
-21145
21172
-21174
21290
-21483
21515
21748
-21893
21797
21523
21745
21537
-21551
21422
21829
21745
-21860
-21608
21655
-21427
21674
-21553
-21428
21719
-21418
-21716
-21446
21657
-21354
21693
21948
-21867
-21289
21460
-21252
21444
-21421
21374
-21527
21804
21694
21870
-21664
-21622
21655
-21357
21460
-21206
-21779
-21410
21935
-21682
-21378
-21619
-21497
-21676
21859
21788
-21490
-21464
21749
21633
21966
21732
-21493
21630
-21417
21614
21685
21652
-21651
21597
21786
21537
-21704
21749
-21668
21724
21676
-21630
21692
21842
-21580
-21639
-21426
-21713
-21563
-21468
21632
22031
21722
21879
21679
-21589
21845
-21681
-21522
21842
-21611
-21458
-21780
-21442
21535
22058
21650
21964
21624
-21792
-21755
21594
21645
21580
-21876
-21492
21752
-21428
21509
-21625
21832
-21356
21818
-21466
-21605
-21538
21708
21836
-21687
21723
21683
-21741
21494
21866
21362
-21472
21570
-21614
21755
-21684
-21887
21634
-21774
21627
21776
21734
21787
-21622
-21602
-21574
-21490
21897
-21548
-21424
-21375
-21521
21941
-21398
21727
-21387
-21631
-21593
21691
-21600
21789
21797
21716
-21411
-21699
-21489
-21740
-21497
21821
21780
21711
22059
-21880
21976
-21680
-21543
21590
-21625
21772
21861
-21713
-21720
21904
21714
21774
-21716
-21818
21857
-21673
21784
21690
-21554
-21513
21686
-21595
21899
-21528
-21691
-21424
21729
-21712
21803
21950
21610
21903
-21620
-21612
-21597
-21633
-21476
21833
-21460
21787
-21291
-21509
21749
-21430
-21669
21672
21809
21766
-21578
21747
-21611
-21524
-21590
21714
-21423
21684
21721
-21610
21800
21769
21570
-21737
21751
-21815
21641
21742
-21823
21796
21649
-21546
21597
-21662
-21460
21835
-21480
-21617
-21473
21783
21940
-21488
21866
-21522
-21537
-21447
-21604
21743
-21554
-21625
21870
-21577
-21638
-21560
-21610
21889
-21691
21907
-21743
21828
-21716
-21733
-21558
21829
-21593
-21771
21981
21785
21727
21832
-21587
21663
-21660
-21622
21815
21772
-21772
-21567
21729
21825
21836
-21641
21772
21696
-21613
-21636
21538
21706
21728
-21654
21778
-21711
21806
-21761
-21756
21813
21631
21708
21689
-21713
21628
-21781
21487
21671
21529
-21772
21561
21643
21479
-21627
21541
21699
21739
-21756
21529
21729
-21716
21580
21684
-21659
21804
21614
21785
-21898
21674
21579
21622
21532
21694
21569
21815
-21654
21745
21527
-21690
21485
21977
21588
-21780
21692
-21820
21763
-21653
-21640
-21568
-21558
-21627
21902
-21589
-21681
21983
21847
21719
-21483
-21524
21786
-21651
21730
21646
21682
21951
-21737
-21572
-21634
-21542
21823
-21588
21850
21629
-21433
21738
21636
21691
-21751
21730
21617
21768
21694
-21604
21519
-21541
21697
-21686
21692
-21631
21571
-21639
21468
21752
21656
21550
21697
-21765
21450
21681
21421
21736
21678
21728
-21819
-21819
21804
21613
21746
-21727
-21671
21851
-21508
-21645
-21706
-21535
21733
21951
-21456
-21579
-21428
21725
-21576
21691
-21746
-21537
21733
21841
-21578
-21665
21802
-21625
-21624
-21552
21829
-21674
-21616
-21719
21837
21792
-21566
-21616
-21484
21803
21901
21748
21868
21694
21663
21710
-21603
21600
21673
21536
-21606
21531
21711
21827
21766
21702
-21729
21650
21693
21520
21874
21683
21596
-21549
-21606
21695
21867
-21650
-21534
-21524
-21691
21989
-21646
-21518
21829
-21637
21824
-21608
21850
21699
21893
-21616
21796
-21604
-21704
21830
21896
-21523
-21644
-21545
-21550
21791
21544
-21512
21844
21964
21822
-21713
-21653
-21798
21696
21875
21637
-21493
-21589
-21641
21798
-21780
21944
21749
21682
-21494
-21783
21823
21569
-21763
21463
21459
21678
21469
21659
-21755
-21647
21638
-21728
-21637
21999
-21645
-21412
21982
-21623
21875
-21549
-21511
21851
-21605
21824
-21661
21779
-21668
-21539
21701
21730
21645
21754
21632
21786
-21769
-21646
-21641
21837
-21473
-21643
-21488
-21549
-21557
-21498
21840
21841
21985
-21393
21703
