0
0
0
0
0
21702
19569
-22725
26036
18276
17821
-24435
-13211
-12700
-8515
-6371
-12230
23716
-31142
13795
10796
-25402
23447
-13516
-5992
-10220
23894
-13837
-9027
12871
10126
-12926
-5597
-20604
9743
3447
4026
-1008
7692
-9833
-4623
9899
7884
-6890
2846
-5305
-1349
2638
1686
-12057
5613
4766
-8305
3843
-1772
2217
-9773
15508
-12936
7647
-9675
6176
-3711
-1472
9914
-16862
20659
-19901
15720
-8884
2351
1929
-8740
14777
-12373
4986
-2683
8247
-12254
15503
-10025
3529
987
-932
910
-5862
12779
-12925
9699
-2851
-3073
10736
-8511
2382
-3066
6062
-9754
5817
-4126
96
445
4968
-14104
13119
-3654
-3034
5188
-3160
-389
-1943
1992
300
546
1186
1389
-2987
839
-3599
2603
-1852
1128
658
-3542
3315
1341
-4425
2452
1068
-728
-353
179
2079
-1531
1501
-720
-2942
5881
-6412
3041
620
-2012
-126
2030
454
-3400
6128
-11791
11914
-6884
2627
-2460
5923
-6756
5995
-4089
2642
-4711
5457
-4918
4749
-3232
9
-1526
2425
-1386
2054
-3893
2129
562
-1367
242
-156
658
121
491
685
-1407
2127
-6135
5844
-5600
2424
-2850
2824
-3609
207
2445
-3922
6043
-4868
1911
626
-3055
4992
-7827
6717
-4136
1882
-180
221
-233
2329
-2861
2909
-2101
1827
-2119
2461
-3246
88
1929
-3494
2711
1702
-5351
5172
-1689
-1673
4278
-3893
1739
-91
-869
207
-1180
1105
-1809
1880
-869
-1026
2139
-2420
1057
1057
-2815
2868
-1019
-1327
2068
-1196
-763
1622
-1479
-73
1008
-2074
1911
-1625
-39
1584
-2600
2230
-1300
823
-626
774
-1222
-337
1660
-3265
3981
-4451
3407
-1843
-350
2058
-3228
3628
-3364
2778
-2147
1293
-908
181
104
-654
729
-84
-1313
2072
-3102
2478
-1878
1192
-480
-140
312
73
-491
1409
-1263
806
163
-625
1596
-1935
2045
-1647
937
-204
-558
1073
-1335
1154
-854
1120
-1028
1316
-596
148
337
-483
479
-637
287
66
-523
192
-137
81
-290
345
-1221
665
-1363
1390
-1688
1555
-1411
1253
-855
696
-565
231
170
-523
300
-260
74
-455
844
-776
844
-359
301
-581
914
-1073
1260
-1036
1025
-674
228
-187
-250
-130
164
-606
424
-513
216
-606
328
-480
298
-469
600
-730
638
-835
375
-526
115
-344
20
-716
516
-691
41
-443
-46
-121
-380
55
24
-318
301
-652
288
-266
-506
501
-857
513
-430
-69
-154
-213
92
-331
169
-417
53
-19
-266
-45
-11
-196
-106
235
-320
316
-186
-32
217
-128
293
-252
164
-309
298
-300
67
-194
-43
-168
1
-310
-55
-550
198
-544
287
-267
36
-60
18
-240
412
-557
530
-528
412
-219
187
-46
191
-95
179
-43
165
-151
280
-127
-43
158
-94
47
-275
28
-149
-274
-17
-284
14
-256
45
-348
9
-246
165
-413
242
-450
258
-281
328
-175
-102
8
-168
-38
-80
47
-345
242
-496
77
-292
-233
-20
-324
-83
-205
-26
-157
-86
-212
-238
-47
69
-264
-30
-209
72
-285
88
17
50
-51
105
-84
165
2
-47
-34
-22
26
-72
10
-140
-122
-63
-276
11
-139
-234
70
-329
-20
-177
23
-113
-143
-21
-180
-140
-91
-244
78
-260
167
-356
52
-262
78
90
53
108
57
122
174
-210
-50
-274
193
-77
-130
-346
-116
-236
-97
-164
-6
-134
-15
-21
19
39
208
-164
340
-230
132
-88
-53
-18
185
68
72
75
-74
-32
-85
-80
-100
-128
-212
-195
-154
-278
-327
-181
-239
-304
-25
-315
-71
-109
11
-102
-87
-95
-14
-291
-3
-213
38
-205
-119
-78
-9
-357
178
-274
-22
-159
112
-77
-70
-159
11
18
-202
-12
-72
14
116
-155
-29
-82
12
-148
-189
16
-107
-197
-174
-11
-278
-27
10
-101
-248
92
-201
-82
-90
-105
-69
-226
-131
-242
-85
-411
-193
-47
-272
-33
30
-107
-64
-124
-45
-91
-178
-112
-12
-279
18
-19
-92
-98
-67
132
35
-49
113
61
-40
121
-94
53
-156
105
-40
-242
-133
-222
-85
-229
-81
-238
-214
-164
-180
-165
-255
-98
-41
-148
-77
-168
-125
-64
-142
-92
-187
-11
-205
41
-126
14
31
-144
-127
-109
69
-279
-83
-25
-130
-115
39
-42
-80
-113
-70
70
-135
-27
-123
-134
-61
-70
6
-89
-66
164
-4
-26
-48
-76
9
-104
59
54
-111
71
-6
13
11
74
79
215
31
173
70
141
59
223
-75
161
3
-37
54
173
-27
14
122
18
-43
-102
88
-83
196
28
123
80
170
8
133
-113
-48
-43
175
-12
217
-275
114
78
10
118
-61
-49
-62
-134
-144
-75
-200
-113
-21
-281
-145
-17
-219
-178
-84
-51
-28
56
20
-249
35
-130
-68
-160
-121
-114
-148
73
-269
-36
66
11
49
-28
85
-66
8
-98
183
-161
5
-16
10
-71
131
-63
234
-50
46
152
5
63
252
21
281
-34
24
-26
117
117
-102
89
-44
25
-31
-149
-194
-57
4
-167
-31
-249
-246
-123
-274
-23
-126
11
44
-165
-31
-139
-124
-37
-100
-77
-78
-150
-127
-28
-86
17
-135
-90
-136
-86
-218
-101
-199
-46
-166
8
39
-8
-99
102
29
166
-96
171
-9
-125
-64
0
27
52
9
182
-172
19
106
-153
-96
7
-165
-52
-168
-178
-11
-287
-56
-184
-127
-65
-122
-94
-148
3
-191
-86
-94
-98
2
-128
-194
-179
-58
-157
-152
-89
158
-190
-142
-262
-120
11
-49
96
6
-173
65
-209
-113
-61
-96
78
-242
-47
20
-208
81
-121
133
61
239
243
24
233
43
53
-55
64
26
-65
-297
-57
-290
-280
-79
-173
-153
-191
-149
-97
-122
-41
-77
-34
-163
1
-28
57
-52
70
-84
67
-56
-61
-135
-229
-59
-214
-153
-145
-204
-138
-139
-283
-309
-1
