1012
5586
27219
21776
-10833
21757
32569
21774
-21661
-32413
-32391
-32447
-32448
-21627
11059
-10635
21841
21885
-10769
10978
-21622
-32347
-21570
11045
-21568
-21683
21769
21831
-21503
-32410
-21625
21845
32690
32764
32685
21704
-21488
-21670
21780
21911
-21556
-32405
-32459
-32466
-32487
-32388
-21623
21729
21746
-21671
-32358
-32495
-32503
-21560
10916
-21527
-32404
-21574
21805
32634
32648
21855
-10838
10901
-10699
11005
-21578
-32496
-32504
-21586
10908
-10690
21868
32709
21838
-10657
10971
-21641
-32501
-32531
-32419
-32387
-21569
10880
-10699
21862
32633
32671
21719
-10721
21706
32628
21877
-10714
21783
32751
32689
32754
21808
-10709
10990
-21691
-21671
21729
32598
32767
32698
21858
-21502
-21662
21865
21815
-21620
-32391
-32379
-32423
-21553
21887
21780
-21520
-32449
-32354
-21546
21835
21914
-21591
-21655
21816
21783
-21491
-32514
-32418
-21580
21729
32704
21828
-21607
-21495
21725
21839
-21639
-21594
10931
-10702
11044
-10834
21806
32712
21765
-10778
11056
-21678
-32425
-21550
10995
-10837
21910
32558
21709
-21581
-32536
-21632
21874
32674
21828
-21503
-21679
21916
21841
-21553
-21698
21891
21787
-21615
-32415
-21616
11055
-10652
21783
32602
21790
-10635
21768
21809
-10808
21807
32759
21789
-21699
-21568
11021
-10776
10873
-10773
21873
32655
21706
-21550
-32495
-21583
10943
-21659
-32467
-21644
10968
-21669
-32336
-32373
-21544
21756
21909
-10640
10876
-21647
-21673
10915
-21530
-32339
-32437
-32461
-32391
-32365
-32442
-21595
21790
32648
32648
21727
-21499
-32440
-32403
-21603
11020
-21653
-21518
11059
-21673
-21607
10860
-21533
-21588
21709
32749
21902
-21641
-32392
-32537
-21560
10919
-21696
-21636
21818
21709
-10660
21792
21813
-10641
11053
-10695
11009
-10669
21840
21834
-10662
10878
-10638
10906
-10800
21837
32674
21820
-21513
-21701
10884
-21660
-21582
10929
-10710
10942
-10845
11022
-21593
-21617
21763
32741
32688
21723
-10765
21917
32608
32579
21717
-10836
10859
-10749
11048
-21496
-21505
10934
-10702
21715
32720
21762
-10708
21765
32659
32653
32685
32624
21742
-10729
21869
21785
-21494
-32456
-32468
-32468
-32344
-32489
-21567
21817
32766
21712
-10638
10927
-10676
21746
32708
21774
-10810
21740
21739
-10653
21801
21770
-21525
-21585
10997
-10790
21744
32584
32626
32641
21841
-10767
10934
-10808
10937
-10731
21732
21866
-21503
-32429
-32486
-21491
21729
32594
21869
-21526
-32472
-21681
21840
32627
21887
-10837
10967
-10814
11056
-21491
-32426
-32402
-32362
-21506
10876
-10779
21874
32612
21794
-21488
-21599
10976
-21653
-21670
11047
-10684
10880
-21500
-21507
10922
-10660
10880
-10797
21893
21816
-21612
-32487
-32506
-32514
-21604
10959
-21683
-21542
21721
32583
32746
21783
-21674
-21617
10888
-10825
21915
32571
32714
21800
-10801
21893
32666
21712
-21619
-32420
-32460
-32488
-21631
21768
21805
-21485
-21502
10968
-10658
10886
-21565
-21525
21759
32674
32665
21725
-10640
10931
-10728
10856
-10738
21798
21892
-10836
21893
32595
32736
21868
-10720
21780
32651
21847
-21620
-21688
11004
-10697
10913
-21655
-21507
10927
-21686
-32365
-21650
10936
-10728
21804
21749
-21650
-21592
10879
-10656
10908
-10819
10891
-10808
21900
32646
21866
-21523
-21682
10985
-10673
10901
-21499
-32437
-21589
11067
-21662
-32351
-32498
-32431
-21685
21780
21755
-21533
-21487
21735
32566
32696
21914
-10642
11038
-10693
21828
32556
21904
-10727
21804
32557
21740
-10776
11060
-10712
21854
21785
-10690
21747
21763
-21585
-32515
-32362
-32499
-32448
-21499
21782
32677
32702
32647
21758
-10738
11024
-21613
-21552
10906
-21617
-32348
-32538
-21503
21713
32729
32635
32705
21752
-21663
-21682
21704
32634
21711
-21641
-21512
11003
-10760
10856
-10840
11066
-10756
10980
-21541
-32420
-21539
21824
21809
-10753
21895
21916
-10768
21747
32754
21764
-10695
10902
-10722
10920
-21693
-21697
10916
-10750
21797
32648
32662
21730
-21561
-32386
-32457
-21601
10878
-21695
-32499
-32459
-21678
10928
-10749
10968
-21543
-32439
-21664
10918
-10756
21820
32644
21787
-21504
-32408
-32352
-32515
-21556
21806
32622
32564
21895
-10849
11030
-21622
-21517
10858
-10841
21788
21835
-21560
-21639
21840
32640
21739
-21674
-21648
11045
-10790
21822
21732
-21488
-21508
10887
-10804
11042
-21638
-32531
-21572
10883
-10835
21839
32764
32594
21887
-21565
-32365
-32481
-32477
-21578
10899
-10785
10878
-21519
-21599
10882
-21504
-21655
21711
32659
21843
-10733
10996
-21611
-32372
-21569
10895
-10658
21719
21781
-10718
21913
32630
21746
-10707
11028
-10784
21813
21858
-10728
21894
21743
-10669
10868
-21630
-21514
10966
-21500
-32418
-21529
21753
21808
-10747
10915
-21602
-32411
-32351
-21585
10872
-21619
-21635
10907
-21606
-32484
-32382
-21606
11042
-10785
11064
-10824
10986
-21675
-32504
-21527
10970
-21622
-21689
21891
32695
32561
21781
-10742
10860
-21683
-21562
21895
21776
-21693
-21598
21870
32721
21875
-10683
21858
21719
-21555
-21495
21810
32611
21891
-10685
10971
-10848
10942
-21614
-21542
21909
32660
32649
21829
-10725
10995
-10804
21794
32730
21825
-10762
21736
32593
21717
-10654
21823
32709
21852
-10720
21726
21798
-10784
21703
21812
-10650
21911
32579
21872
-10846
21733
32584
32614
32558
32598
32569
21854
-10664
21817
21716
-10801
21723
32766
21808
-10814
10974
-10796
10985
-21601
-32419
-32377
-32445
-21667
10950
-21578
-21657
21886
32701
21729
-21534
-21538
10979
-10739
21810
32574
32562
21876
-21612
-32429
-32414
-21511
10997
-10753
21816
21753
-10662
21833
32567
21865
-10635
21903
32699
32690
21917
-10678
10929
-10663
11055
-10755
10932
-10735
10884
-10671
21747
32714
32630
32612
21883
-10638
21777
32754
32594
32640
32631
21836
-21625
-21647
21842
32654
21853
-21584
-21614
10960
-21522
-32395
-32480
-21597
21709
21894
-21491
-32390
-21509
10888
-10774
10881
-21690
-21619
21819
21876
-21513
-21649
11040
-21505
-32420
-21532
11058
-21589
-32527
-21661
21831
21850
-21617
-32486
-21535
21855
32740
32691
32698
32658
32637
21836
-10720
21750
32631
21721
-10706
21733
32660
32766
32749
21862
-10673
21853
32763
32591
32691
32640
21782
-21493
-21523
21767
21823
-21552
-32429
-32472
-21687
11006
-21543
-21620
10865
-10838
11006
-10694
21894
32634
21831
-10706
11012
-21494
-21622
21835
21890
-21512
-32510
-32500
-21623
21759
21752
-10654
21832
32723
21821
-21691
-32456
-21654
21761
32725
21797
-21572
-32499
-21700
10900
-10829
21904
32751
21811
-21516
-21639
21886
21757
-10732
21772
32616
32684
32610
21852
-21488
-21508
10879
-21698
-21590
11042
-21548
-21515
10993
-10766
10925
-21547
-21534
11030
-10808
10918
-10846
10896
-21609
-21528
21904
32727
32690
32675
32591
21859
-21635
-32410
-21584
10957
-21547
-32522
-32448
-32529
-32464
-21591
21879
32608
21844
-10666
10896
-21686
-32404
-21668
