0 0 0 0 0 0 0 0 0 0 0 0
0 0 0 0 0 0 0 0 0 0 0 0
0.03 0 0 0 0 0 0 0 0 0 0 0
0.09 0.03 0 0 0 0 0 0 0 0 0 0
0.18 0.09 0.03 0 0 0 0 0 0 0 0 0
0.3 0.18 0.09 0.03 0 0 0 0 0 0 0 0
0.45 0.3 0.18 0.09 0.03 0 0 0 0 0 0 0
0.63 0.45 0.3 0.18 0.09 0.03 0 0 0 0 0 0
0.84 0.63 0.45 0.3 0.18 0.09 0.03 0 0 0 0 0
1.08 0.84 0.63 0.45 0.3 0.18 0.09 0.03 0 0 0 0
1.35 1.08 0.84 0.63 0.45 0.3 0.18 0.09 0.03 0 0 0
1.59 1.35 1.08 0.84 0.63 0.45 0.3 0.18 0.09 0.03 0 0
1.8 1.59 1.35 1.08 0.84 0.63 0.45 0.3 0.18 0.09 0.03 0
1.98 1.8 1.59 1.35 1.08 0.84 0.63 0.45 0.3 0.18 0.09 0.03
2.13 1.98 1.8 1.59 1.35 1.08 0.84 0.63 0.45 0.3 0.18 0.09
2.25 2.13 1.98 1.8 1.59 1.35 1.08 0.84 0.63 0.45 0.3 0.18
2.34 2.25 2.13 1.98 1.8 1.59 1.35 1.08 0.84 0.63 0.45 0.3
2.4 2.34 2.25 2.13 1.98 1.8 1.59 1.35 1.08 0.84 0.63 0.45
2.43 2.4 2.34 2.25 2.13 1.98 1.8 1.59 1.35 1.08 0.84 0.63
2.43 2.43 2.4 2.34 2.25 2.13 1.98 1.8 1.59 1.35 1.08 0.84
2.43 2.43 2.43 2.4 2.34 2.25 2.13 1.98 1.8 1.59 1.35 1.08
2.43 2.43 2.43 2.43 2.4 2.34 2.25 2.13 1.98 1.8 1.59 1.35
2.43 2.43 2.43 2.43 2.43 2.4 2.34 2.25 2.13 1.98 1.8 1.59
2.43 2.43 2.43 2.43 2.43 2.43 2.4 2.34 2.25 2.13 1.98 1.8
2.43 2.43 2.43 2.43 2.43 2.43 2.43 2.4 2.34 2.25 2.13 1.98
2.43 2.43 2.43 2.43 2.43 2.43 2.43 2.43 2.4 2.34 2.25 2.13
2.43 2.43 2.43 2.43 2.43 2.43 2.43 2.43 2.43 2.4 2.34 2.25
2.43 2.43 2.43 2.43 2.43 2.43 2.43 2.43 2.43 2.43 2.4 2.34
2.43 2.43 2.43 2.43 2.43 2.43 2.43 2.43 2.43 2.43 2.43 2.4
2.43 2.43 2.43 2.43 2.43 2.43 2.43 2.43 2.43 2.43 2.43 2.43
2.43 2.43 2.43 2.43 2.43 2.43 2.43 2.43 2.43 2.43 2.43 2.43
2.43 2.43 2.43 2.43 2.43 2.43 2.43 2.43 2.43 2.43 2.43 2.43
2.43 2.43 2.43 2.43 2.43 2.43 2.43 2.43 2.43 2.43 2.43 2.43
2.43 2.43 2.43 2.43 2.43 2.43 2.43 2.43 2.43 2.43 2.43 2.43
2.43 2.43 2.43 2.43 2.43 2.43 2.43 2.43 2.43 2.43 2.43 2.43
2.43 2.43 2.43 2.43 2.43 2.43 2.43 2.43 2.43 2.43 2.43 2.43
2.43 2.43 2.43 2.43 2.43 2.43 2.43 2.43 2.43 2.43 2.43 2.43
2.43 2.43 2.43 2.43 2.43 2.43 2.43 2.43 2.43 2.43 2.43 2.43
2.43 2.43 2.43 2.43 2.43 2.43 2.43 2.43 2.43 2.43 2.43 2.43
2.43 2.43 2.43 2.43 2.43 2.43 2.43 2.43 2.43 2.43 2.43 2.43
2.43 2.43 2.43 2.43 2.43 2.43 2.43 2.43 2.43 2.43 2.43 2.43
2.43 2.43 2.43 2.43 2.43 2.43 2.43 2.43 2.43 2.43 2.43 2.43
2.43 2.43 2.43 2.43 2.43 2.43 2.43 2.43 2.43 2.43 2.43 2.43
2.43 2.43 2.43 2.43 2.43 2.43 2.43 2.43 2.43 2.43 2.43 2.43
2.43 2.43 2.43 2.43 2.43 2.43 2.43 2.43 2.43 2.43 2.43 2.43
2.43 2.43 2.43 2.43 2.43 2.43 2.43 2.43 2.43 2.43 2.43 2.43
2.43 2.43 2.43 2.43 2.43 2.43 2.43 2.43 2.43 2.43 2.43 2.43
2.43 2.43 2.43 2.43 2.43 2.43 2.43 2.43 2.43 2.43 2.43 2.43
2.43 2.43 2.43 2.43 2.43 2.43 2.43 2.43 2.43 2.43 2.43 2.43
