0
0
0
0
0
0
0.10770939542776615527319705734
0.0512104425993559556062884041694
-0.218153605757130525377718299751
0.17733906566585341813002685285
0.19196739216004224393152810535
0.132564133844727510824768046405
-0.432054192550499704950084378652
-0.442700690358304449478765718595
-0.653655579327174884873841165245
-0.749781597317841108640834590915
-0.45210769571934283916903041245
-0.0972729830619960128545997690708
0.459647069066804081494126421603
0.364172839444622142845986445536
0.51214209171099567274865194122
0.156353106833006627596205362352
-0.0909678651868594673191026345194
-0.39944002371993592159782338058
-0.762591090252541237148875552521
-0.545111136448556576894475256267
-0.0838733733383229262958735716893
-0.390710710230382174401597694668
-0.636773827002680925524202848464
0.436890027151317805742536393154
0.550607331946443179226946540439
-0.446847409366331604907429664308
-0.781728474518141647209290567844
-0.0433049408997609464044842297881
0.58046755972247288113408103527
0.877504237013661869681868665793
0.836028267137629899075079720205
1.08595087144915747323636878718
0.669858988402349808666258468293
-0.577123498745843344082118164806
-0.810568596483339454117356126517
0.603054007105859213311305211391
0.675873830815824083728671212157
-0.717445093249302057181182590284
-1.16381048100168271730581182055
-0.763178052292655340060889557208
-0.956942085109142803744930461107
-1.13158291969558932876793733158
-1.10134173040686555999911888648
-0.471461165244080881997490450885
0.759762583207386765771218506416
0.798171720461083644693189853569
-0.652945453994566271660460188286
-1.19986465955909360481257408537
-0.917261731821942372100409102131
-1.12498562927107226272482876084
-0.545480940471849362616296730266
0.321636926903617614836861093863
-0.409806452244433794263045456319
-1.38965690117292162142348388443
-0.563379878763486385828684888111
0.722626085908212978381470747991
1.17218437392359020599030827725
1.07920045327572378113245576969
0.549639554633898241853273702873
-0.243734346088705866595347515613
0.0670351634235358817548444676504
-0.101486344144865667238342155088
0.307449463084297436310521334235
-0.599998261091783779974662138557
-1.10914124637137856410618041991
-1.09566829632816808981488065911
-0.610733447598097556330287716264
0.35479523704509846604437939277
-0.479427810051402170099521526936
0.784481392426335188972075229685
1.13031943329756612293124362623
0.625812564846219498981838569307
-0.472443325210888720455670863885
0.322456266256436641093330308649
-0.553133157595062430189614133269
-1.1699523885793938760002674826
-1.04516496274715930958620901947
-0.957754703187476463810412496969
-1.05219086092828817413646902423
-0.749270092289494815673833727487
0.448428748080914929552420744585
-0.449184518142838662413396377815
0.567651589127044275961964103772
1.12978512185786672539222763589
1.15318872089368773536932621937
0.529606397292081920724626797892
-0.649226752602652834589491703809
0.914483009558374471126285243372
1.14619628900520931225059939607
0.747280519321935066123785418313
-0.58470841284021957129368729511
0.752780327225080814201874090941
1.18417787726997070230083863862
0.983852540797917729520349894301
0.98637205300786934270007577652
0.784830209767962916345140911289
-0.391320214740045302370674562553
0.445890992124008012087443830751
-0.851225218105155390091454137291
-0.873707005926113056126780520572
0.785091092247827360139922348026
1.13822792232617486796186767606
1.01128601791307803914321539196
1.0882953175142233703809324652
0.936006788156507507636661102879
-1.030237255475835222995328877
-1.04408760149546586681879034586
0.961581795903851954676611057948
0.945036922426962910925851701904
-0.881228952879533067310546812223
-1.03579916262497540024867248576
-0.833898309719389274619061325211
-1.11144810277455396985146762745
-0.932584326904868921026547923248
0.954947462574074035224214185291
0.969896106247367439934237154375
-0.861391260837383931914246204542
-1.14203617857332018203919687949
-1.05847592279510260837582791282
-0.818041439942249093419945893402
0.900869565993554499705453508795
0.962948579203880661303571741882
-0.976610452932279882176658247772
-0.996845736409958327328695304459
0.997328258025261260577565280983
0.912518995521274689508572919294
-0.941415420294077764928886153939
-1.05998077493405351567901107046
-0.969135778606585507333193163504
-0.876602159547663850602816637547
0.746500289399801064682549167628
1.27127703403367542378532561997
0.876851235796919814546868110483
-1.03055534613250787678850883822
-0.918731327520592278013111808832
1.01269751180360900733035123267
0.924304353281089174920737150387
-1.02788754564439166472311626421
-0.854136618576022410564974052249
0.738160589341641526495152447751
-0.503597502119132012232682882313
0.512847840175912672577851481037
-0.719200435835548490537405541545
0.893662350471863375922509931115
1.10896170826400486397744771239
0.751175702940569012255878078577
-0.722317214831548093378899011441
0.757550695553713238084014847118
-0.833135071107619529229282306915
-1.10849231842767470546107233531
-0.803889253888823263061169654975
0.780827624201239189893897219008
-0.804372029127851884133804105659
0.807347197702473762248587263457
1.12586398099778661752168318344
1.0048472080840589182315625294
-0.936308670933576947525978084741
-1.09589642971665224280286565772
-0.945051810194111441276731966354
0.919972996719899849260571045306
1.16112230610278444054017654707
0.922558841760380388130613482645
-1.02261371994646754757241069456
-0.946124726666256354867812206066
0.989745396340291905268315986177
1.0135525967502816424570255549
-1.02167996975545971594101501978
-1.00710292634889775342799111968
0.977535509528319357386294541357
0.963284536261526214140360480087
-0.943684889029886564415505745274
-1.09125368665681898860952969699
-0.749853003762735337289768722258
0.766452823750076284170518192695
-0.773264098527276511063632824516
0.906770771556690058368133122713
1.11618046913596491442888236634
0.897439589841710794182461086166
-0.855103417291817380352370037144
1.0093893583458251050899434631
0.90829327093915201984941631963
-0.830700958158426261412898838898
0.762164206210204087099668868177
1.20157654022972093521559600049
0.934714235534914394953887040174
-1.02881578707171450481894225959
-0.867898830775894358779964932182
0.800678672149354953013755675784
-0.685945848497488519512899074471
0.742643093673462817427832760586
-0.838348091267458239705945288733
0.93472833067052796263141090094
0.999689860861460721785931582417
0.994634947253109302778284472879
-0.988975309366192489868296888744
-1.09300946944193655419041988353
-0.889880449416191821043753407139
0.883796701126710271267938878736
-0.922320942507612762106816717278
-1.07330408906445029515452915803
-0.927457626898261944248247345968
0.900165605440930605141147680115
-0.882561333518424584454464820737
-1.00137453439290546874929077603
-1.082108599503032175803696191
-0.865359849428364857892859163258
0.890858334118080796848460067849
0.929266119608456953038455594651
-0.791985761006266386630159104243
0.800530172082133395505820772087
-0.940624086316659391293626413244
-0.931007458499434781273862427042
0.832543307648207164817222292186
-0.850080989887232352231194454362
-1.06776054921260477037492364616
-1.00013832774714006568217428139
-0.968783312298186816136080778961
-1.01455345187934220518854999682
-0.953924349889713862893358964357
-1.04849877404575519967977470515
-0.931180387752791549615949406871
0.928627716280202131216015004611
1.02908242738214550371367295156
1.04021399755706056566850747913
0.913237963948835829164352162479
-0.907921175819274339779951787932
-1.03597781597359817062908859953
-1.04328310842913074552029684128
-0.893241683228036875696886909282
0.896758828674068420028220316453
-0.969242880415330132493068049371
-0.95139796985535618478735386816
0.924922881798397433783520682482
-0.962747216097385671851327515469
-0.974202187849792289320305371803
0.93848080156933577633537879592
-0.946987889785667502628996317071
-0.992667951994330222120765938598
0.96169735498514685723137063178
1.07969945353182916747414310521
0.927734606527239269446738489933
-0.941573423303456613631112759322
-0.993224056744825167797330323083
-1.0676211201601846223496750099
-0.902373834022633491969145325129
0.917366230629847900779338942812
-0.953670420198778789888649498607
-1.03882684680525239073745069618
1.02549922978127772132950212836
0.970649343580037515799574521225
-0.95699345060315643696213783187
1.02146712202459299945189741265
0.933081829469975643220891470264
-0.872899830954009026129369885894
0.852911511101696384606896117475
-0.831505514390052269391162553802
0.88250153942446929455911686091
-0.934889470449123849427053301042
1.02303771464248161038312900928
0.921153733186459433568415988702
-0.87713834633159304399185884904
0.86781622054512674857562615216
-0.876327673376377291880601205776
0.90497727356973378665117024866
-0.918150609739962986211025963712
0.958084729542979185445972234447
1.03289011217483195359534420277
0.997994171550854014540732350724
-1.00200680318681478730979961256
-0.979778221382821556950659669383
0.979093891575719244002584673581
-1.00194490558529669677056972432
-0.946916200666233720539821661077
0.924373785934128000540965786058
-0.890097374331190960283777258155
0.91084227212688373409577025086
-0.940701840771042241406973971607
0.96121595792085168241669634881
-0.982849810715779481640197445813
-0.992849351356624443276643887657
0.994957602281673514355020415678
0.99810782832611844028747327684
1.02392722140576108991183446051
0.955202840010559328653982902324
-0.951377017495655286083433566091
0.980973317810486356016497211385
0.996302774931414059089718193718
1.03098391769493713532312995085
0.947836471186382478748555513448
-0.92846779552757263687112754269
0.930775271055665265329537305661
-0.942948474355173815730779551814
0.974924553707090413290359265375
-0.99084371991503583654292697247
-0.978302284151875811701870588877
0.966232783378890736081245904643
-0.952896584314708472440713649121
0.959732864038340127699200365896
1.0331896928275796643248440887
0.961393824366680971316156956163
-0.96082222571868924898552677405
0.955750574244301209780871886323
1.02442327181036407779401997686
0.997622719718663564236749152769
0.991663688048875946456917063188
1.01820337678279093651667608356
0.986970733174201475534914607124
-0.978069478242980405724438242032
0.994268337030168258827700356051
0.998387837919685106058409473917
-0.980242443486742387470656012738
-1.00519223428301551770402966213
-0.995105307481380818579452807171
-1.00370840240478398364132317511
-0.985238558464371250167346261151
-1.01184460303573064976490059053
-0.954652678413774880006315015635
0.973845110450280548874957275984
1.04965667841278254002190806204
0.948929133303956340306228867121
-0.937904630856622012480272587709
0.947964174754281740931105559866
-0.948903202675797308174310273898
0.95879259065761146541007065025
1.03517353802997091882787117356
0.980432133982166442720540544542
-0.978912975190688539051109273714
0.994643449119186784379564869596
0.996844374025652735227254197525
-0.980857402157473856618707941379
0.993114632591586166121544465568
1.01092854974672485823816714401
-1.00003269144507567212087906228
-0.982624583353146174857783989864
0.977010158821936758322124205733
-0.973600629190236599441732323612
0.97443749046350414122485972257
1.01433335237411781371008601127
0.991160543011155081849494763446
1.02263571777312867183695743734
0.970933442787751732616641220375
-0.962332957120435317222018056782
0.962209037822001400641624968557
-0.966069583790029939862620267377
0.970557636538235124490370253625
-0.977315230341340490660684281465
0.991951375787026856656325435324
1.00856441176561206773953927041
-0.992256292290105368358865689515
-0.992254854518852202893697267427
-1.00584531455254388987441416248
-0.976848695963131841146775968809
0.984751924441167991730594621913
1.01686763779929956186265371798
0.994974553247677917511282430496
-0.979475088101511182081537754129
-1.01054740024043554491584018251
-0.983683045301684932937291705457
0.993900639451173240068726499885
1.01711648035094848196990824363
0.985195346701519758525478209776
-0.977567633536495117496656348521
0.982228008771093730189249981777
-0.977781892501439542364494172944
0.989503334081082708273413572897
-0.983590402250061335287512065406
-1.00573915030050708985243090865
-0.98891096920886023546870546852
-1.0025403883668213556035198053
-0.97624198647690396679621471776
0.981181942469699808206939906086
-0.981154978085913564989084534318
0.999476512581047749073093200423
1.01087466872432463205200292578
1.0000356307552018542139649071
-0.995260138707152131054556321033
-0.988583892421622922874746564048
1.00156940304338926139848808816
-1.00320972391953633362504660909
-0.991074825566921946418119659938
0.992284010339203770278970750951
-0.982389350251480997222586211137
0.988010741225795130482367767399
-0.993098307304643657111853372044
-0.983580021424730666090852082561
0.983597499130530628086432898272
-0.971278864335703095989060784632
0.985030448943321146337837035389
-0.990235729850319490452648096834
1.00140612404120665779316823318
1.00037170309157752434714439005
-0.9980309984293477265637761775
-1.00612488252415821499141657114
-0.994578845594398575080674618221
-1.01074878619942265522979596426
-0.990848838309398960433327374631
0.997803438595086800155797845946
-1.00402609394184572089159246389
-0.991871762786153410296208221553
0.997943915177857632237135021569
0.997418013467240349712028546492
1.00790159388211630897558279685
1.00490755308363044484565307357
-1.0055487721535172340736608021
-0.985450322918319798759512195829
0.996798577697190046897901538614
-0.990122933321289422359257059725
1.01144708412726025414940522751
0.99566527188685971516690642602
1.01091675074325704208888510038
0.995142810797666865774147026968
-0.990191323622567787232640057482
1.00103892373964398210262061184
1.01160742438447770474851949984
0.991437193026175278554035230627
-0.987557783731455973708079909557
-0.999456977822631653651797023485
-0.993245137309144987547426808305
-0.999272721929810092689194789273
-0.995457577440061136542226449819
0.998868501275190556754068893497
1.01034548705957716308034832764
-0.998592700344250072674867624301
-0.98404356248364122095040329441
0.993392994753693248100034907111
-0.982280435462048018280256655999
0.991668124622344326901668409846
-0.986922822063242444201591752062
-0.998569693313844264359602220793
1.0041386798892424359053165972
1.00184480456041735685346338869
1.01121488711031681795304848492
0.987881471474303718416365427402
-0.977883172949581602750868114526
0.987099758233553892239342530956
-0.979386199635809751029569270031
0.991473730354281435062091532018
-0.98830131387268327358697206364
0.996902141083087389716865800438
1.00845156042366124182763087447
-1.00784572577871656129389066336
1.00953612763189259915463935613
0.995737871053359646644764779921
1.00606828745101051225674382295
0.998291226291902256129162651632
-0.993571329083399845671920047607
0.993300061274728474103312692023
1.00586851237175056716921517364
1.00524541815690571233687933272
-1.00392491077953982525627907307
-0.998067511696455023084695312718
1.00224027728088005417816930276
-0.991038715091488997543933692214
0.999813151583438863845287869481
-0.995647675158863654232277440315
-0.989872384943806693513579375576
0.999911966840592136840371040307
-0.99229648003797166211370495148
-0.997106938683828936120789876441
-0.993077753706140931022616769042
0.998987208863918119128300077136
-0.989978395443293135436135798955
1.0002099749649639992554739365
1.0078775745683945519459712159
-1.00652011008368225120079841872
-0.986510314782952923984282733727
0.993281870137854072666527827096
-0.984414724925975259672839001723
0.994299044984170210526031041809
-0.989503367668277955537803336483
0.991877942845941107385954182973
-0.995558014841668947880748419266
1.00848325912495062617324492749
0.999432533764540775855778065306
1.00888681514851463738580150675
-0.995397149316021079279437344667
-0.9987023235515881669499549389
1.00053984840069687400898601481
-0.989153930328196984156363669172
0.990831048663381674934669263166
-0.98371783454774830435241028681
-1.00638094693811264157545792841
-0.996908987290428760807969865709
1.00648780225170741964291210024
-1.00639083318283129031556200061
-0.988906118186848259732357746543
-1.00188287260087682817299992166
-0.994834312085225214161710027838
-1.00306857117343795060548927722
1.00441835691389891316305238433
1.00062271806032110355033637461
-0.992722054705836298715837529016
-0.9907369781418003951145578867
1.00206512491334853720559294743
0.998046574545744524797896701784
1.01035819413541694267166803911
1.00642994309954825205011275102
-0.990960504825133203787856928102
1.0023939927068896693640454032
-0.986044205904505033366547195328
1.00420093063113058384772102727
1.00079153601012560415028929128
1.00275105521721297208159739967
-0.998210258609067091484234879317
0.998021651290185274341126842046
1.0032898031993524590177457867
0.996546023888873699903001579514
-1.00066166844657278289787427639
1.00694460990223277896404852072
-0.996454077176064934029398045823
1.00225100795478039295005601161
1.00033603189511022257818240178
-0.99619958194018953800963345202
0.999494273539288213825670936785
1.00462508509002956813560558658
-0.995404794962195693663886686409
-0.998529654610093131417158929253
-0.986505672189677551564557234087
-1.00025248859971038761784711824
-0.993082134287716966625225722964
-0.989414367486953660879578364984
0.997229188456250970062910710112
1.012758564242442371750030361
1.00129039249501583519474934292
1.00535885826888082839047910966
1.00116901012948766869214978215
-0.995147557298590057506260109221
1.00826574706328098152141592436
-0.997734336684842015863239339524
-0.992294540577141503945313161239
1.00548161842463068538222614734
-0.997893272752255588997627455683
-0.989906601499243921082893393759
-1.00547362677005880371439161536
-0.98672992889287236550899251597
0.993812774903988782604358220851
1.01540295848127959388307317568
0.999219937256552892534955390147
1.0120799483667231033479083635
0.998460705783273283486778382212
-1.00041339893602354571555679286
-0.999080870654080133164143262547
1.00247091456524906050162826432
1.00340825535594224682256481174
0.999113534435879913075950753409
-1.00298244558975091500485632423
-0.991198118072213807394632567593
1.00410471929400224588846413099
-0.991401989984087461671435903554
0.996230627375363608777547597128
-0.999600008391087979653377715294
1.0054008536035130561003825278
-0.992132854636358807454143970972
1.00357169302592041937316480471
-0.990443108636078539674940657278
-0.997650094735391901323851016059
-0.99192588848410967461433074277
1.00028088381225299663412897644
1.00760084094316604286234451138
-0.997974655853363090685093084176
1.00600445718882935963733871176
1.00402007920503555382651938999
-0.998778570802170140296993849915
0.997467169543358789240983242053
1.01287595553417308913424221828
0.993176357391184039258291704755
-0.988748234536478753931021401513
0.998232907256523804839787317178
-0.994489164774827183457261980948
1.00392225773664556243147671921
-0.995175814692540905426199060457
-1.00372794955194399868503296602
1.00281801031361239573413968174
-1.0005712979094918413380810307
1.00005301234075871796846968209
1.00266570068427540718403179199
1.00142898079488751328369744442
1.00245338478244172542019896355
-0.996022381666307188297082575446
-0.995896088629693254645758315746
-0.997365676458269456716720924305
-0.994775452005123406173936473351
1.00459637230222309511873390875
-0.999094824397942282701023941627
-0.995671227166819217124782426254
-0.994705191610046557393332022912
-1.00221652530725591212501512928
1.00482520217577175891676688479
-0.993167264402381455568047385896
0.999315487801404667145277471718
-0.992053857897999158410584641388
-0.997986322270718928528765445662
-0.997169265920826219939954171423
1.00105823463321974564621541504
-0.995877046568932167147636391746
1.00234888231250085510737335426
1.00073922782585822410794662574
0.996491861869451822641963190108
-0.9901779811652777762986943344
-1.00093254502963402430282258138
-0.990166597034795481491187274514
-1.00263577374965695554465128225
-0.990445147894741473315605162497
1.00499221786477055395891966327
1.00385980431483345931553685659
0.99799301949219665353041364142
1.01660773636698853472637438244
-1.00834167278741060336244572682
1.01321552801974013036101496255
-0.99761015074264203228437963844
-0.989206612745572533285098870692
0.995961057598822696590445957554
-0.995735829892149482134300342295
1.00534487404304173630009699991
1.00801728330884254880572825641
-0.99699082244939551955553724838
-1.0015013940041779250122999656
1.00977132078147069371709676489
1.0030393091504095082200365141
1.00459875430454403932856166648
-0.996046575372511178159129485721
-1.00263709251701160773961873929
1.00752017022047524186234568333
-0.998647862731842583805530466634
1.00675486422439575129317290703
0.999935065325889826937100224313
-0.991911712407729684315427221009
-0.994556221994232880767583537818
0.996697014725094199150134954834
-0.998638149653689355389474258118
1.00503203141734864800582727185
-0.997294051664513014898716392054
-1.00233081948117042081491945282
-0.992511766785166948956486976385
1.00050489171926604292650608841
-0.999397369922627731853026489262
1.00453687009133840746244459297
1.01129919331668505222410203714
0.993740037606483550547409322462
1.00788198767485592810544403619
-0.997345801211114824091907848924
-0.995087693786143590024551031092
-0.999446751443465064568272282486
-0.998416391347810794343331508571
-0.995607575688794654844571141439
0.999247612501716675481588936236
-0.998211664374377027897367042897
0.992494500339439089664494986209
-0.991601215984734718489335136837
-0.99826801302643930480229528257
0.997716085002919972346546728659
-0.989310002327139170752445807011
-0.998594765414640428424775109306
0.999081335019529337415633563069
1.00569137024676980018966787611
1.00211593834090439969486396876
-0.996718831398674898203182692669
1.00301332099958173671438999008
-1.00009330018379971605213540897
-0.993062732561665328923083961854
-0.994662195024686224265053624549
1.00082021546104282805345064844
-0.987202731627210727793908517924
1.00033040741136614037998242566
1.00481641142321365123279974796
-0.994412825372059216988418484107
1.00805254284220491278745157615
1.00705582084440958823279288481
1.00310932892364257362771695625
-0.99482403612991754382477438412
1.01118188361138083841694879084
-0.998451823788419789984516228287
1.00341375815624500589251510974
1.00842254141763443264778743469
-0.999632431035151647336078895023
1.0081779836783395509769434284
0.998613286196103566716431032546
-0.99068807204582476355625431097
0.995724303096554907988036120514
-0.998653628186342179340329039405
-0.991027731084051843879478838062
1.00424781597600998317432186013
-0.990453702771382449299153449829
-0.998312338376650454385696775716
-0.992893449340659262070118984411
1.00034459988667667751371936902
1.00513989185099661405331517017
-0.996674683468948829911937536963
1.00334158633670988969299742166
-0.998176142811117883546501161618
-0.999074594641855995291734870989
-0.993680794154196522782740430557
-0.99934732954339622335027115696
0.997210219793293606294071196317
-0.999635026704144280529362731613
-1.00181950473689340697092120536
1.00230984949004975348429979931
-0.998849123008521355693289933697
-1.00141313607452797640462449635
-0.996636008517451155164224019245
-0.998774015872128551052355760476
1.00625358261165298578987403744
-1.00300671040184630200542414968
1.00884907047905914012631001242
-1.00483214604988857487910536292
1.00463923453506298599791080051
-1.00365762782271183972682138119
-1.00269268298604274924912260758
-0.994921023851710106811196965282
1.00430400248326590073588704399
-0.996502630377224751789810852642
-1.00469972396146256521376471937
1.01147793727044277289905949146
1.00307518579352850096597649099
1.00099687335443610081142651325
1.00722428208425762719002705126
-0.992742989191520708303073661227
0.999361607622858527655296256853
-0.997017398421725875579113562708
-0.993535060640466816117566395405
1.00786980511317447728458773781
1.00653960826088484381557464076
-1.00047632083617643594664059492
-0.993513475240330290461088225129
1.00258320351567786765656364878
1.00747705975125101396372429008
1.00925378080443950423727983434
-0.994030122370037738654957593099
1.00657799287575633329083757417
1.0024379140232733131909981239
-0.991697935774017769183785731002
-0.992575350513895782178508397919
0.996883771823675268741737909295
1.00296991385137501673341375863
1.00428311075231269100527242699
-0.995762368448220969163742211094
1.0050566274531089749899592789
-0.999740286576074499436117548612
1.00724795029040214977555933729
-0.999251944342022246914325478429
-0.999086160489152885766372946819
1.00704279154354292558082306641
0.999384664236560249506169384404
1.00368013944073997123496155837
1.00306623824539808964573239791
-0.99588230700357893709906420554
1.00041368205118752499060974515
-1.00034835430541346745769715199
0.996789656446044225468483546138
1.00411855311148046077107665042
0.996649404788337522909102972335
-1.00043771892667687772870976914
0.996089321762055557307746767037
1.00101019864419149563161681726
0.992941098706613178848101597396
-0.993452706913501515373354777694
0.996224289989862676897303117585
1.00258577765362200118204327737
1.00430037308191066891538412165
-1.0005787757468200815935688297
0.993712045418259748430500621907
1.00317074076220813516613361571
-0.999358013004212675234327889484
0.995712178922745438924835070793
1.00082909040485046325841267389
-0.996614562436887618801506505406
1.00582805206450820456609562825
0.997355093110789292509821279964
1.00595300976986146146430201043
-1.00885465426626730334191961447
1.00051435181488068693056447955
0.995721298578683633451191781205
0.998196047874936098764919734094
0.995029434154250602695412908361
1.00273783992875631376762157743
0.995611674715878081087794271298
1.00673293496397997515146016667
-0.996183623725241718105394284066
1.00349803550675398255975778739
0.99258514276998277559016514715
-0.998768220812153773024988367979
0.991127050170376611148981282895
1.01377828739676467684205363184
0.99653167953353316566023067935
-1.00303269785694926241603752715
1.00097975761442170572479426482
-1.00470845616226256424852181226
1.0041177650121124731441568656
-0.997329310975191840604736626119
-0.996947441603948325550277331786
-0.995133901145903720930618874263
-0.995676624432811352427563633682
-0.99807804007364686604830694705
1.00779177493150484679063083604
-0.996129006960660090541637146089
-1.00163518971025022885612543178
1.01032296594971149339414751012
1.00456873346176789318917599303
0.999776331444930943526117061992
-0.990111129316366911368163528095
-0.990958334434955290248581150081
1.00579394906478092330814888555
-0.994578783387548570615876997181
1.00516125424633462337453693181
0.99895914369335736537891534681
0.999804451484324063770259272133
1.01141703932602822213482340885
-1.00154817380943539362192495901
-0.993826040659017806433439545799
-0.99670050605798565790394150099
-0.991424738179781273039736788633
1.00541737965150490552446171932
-0.994935924374957925131468527979
1.00749837262679164950895938091
0.99727215069867247709822777324
-0.987007486348870366477115112502
1.00412556441867995005168268108
1.00132316523814202113840110542
1.00636462950919480796585503413
-0.997080492453387035034495511354
1.00650923502946154641790599271
1.00016127277101407599957383354
1.00583922118131408041108443285
1.00431083622158801027524077654
-0.992562244221807055133410813141
0.994108406564771063251839677832
-0.991367714391021670472525784135
1.00278851729681872662069963553
-0.997450883534793608653501451045
1.00128533834245891931402638875
-0.994885285716880840567455379642
0.994956484000273477796838506038
-0.994955097841646818324079504237
0.990671597630543798729263471614
1.00456877998294813458812768658
0.999993731562438203930298641353
0.996202626696455761923232330446
1.00273597301609851406567486265
-0.999794520142101905690878993482
0.991051171830543919938349972654
1.00291540261482614582178030105
0.989834446547983692887839879404
1.00415682727548194463906838791
1.00109621301322126996069528104
1.00318658874777955070101143065
-1.0045002148640507222410178656
-1.00313680559845241901939516538
1.00675792087514914818768829718
0.997764963200554855227153439046
1.00351803298339325998256299499
-1.00086004305388676094423772156
-0.99868447578015140386753500934
1.00559017247902970915163223253
-0.991085885885056416810812152107
-0.996464952122262048739287365606
-1.00063579391663548534552319325
-0.9937960504301917019631673611
0.998530684235953813754349539522
1.00866169789709325677051765524
-0.991217521788555377959539782751
-0.996969370833418966348915546405
-0.989981322047080336545832324191
0.999134886285428458485569080949
-0.995556430869711239672881220031
0.999033561336171938016548210726
-1.00358571948717556487906676921
-0.994441806060129107613931864762
1.00002483201616598762484500185
1.004121269463275734068474776
-0.99609068568864866932699442259
-1.00165068341501362070289360418
1.00311290391047647219124883122
-0.999765292797715199313302036899
-1.0001373020900037325020548451
-0.996084309414733581888867774978
1.00353867684124908876697190863
-1.00231739867672908772533446609
-0.999801159556905405523252738931
-1.00363960260538109814376639406
1.00214166457703401924561603664
1.00092865586517598686100427585
-0.996305405024828893978394717124
-0.995945878733592526721452031779
-0.989496969355063593631882667978
1.00620274740855419892682220961
1.01167138482415142064496649255
1.00482916712109959789245294814
1.00924210577015660561528420658
1.00158757153263189287883960787
1.00130719084170749511031317525
1.00425399313063556938629972137
-0.990419558653718778984398340981
0.999733867089947159101370743883
1.0015733342592838539530930575
0.994467838645907376005084188364
-0.994619688231664134114851094637
0.992005994808983770916199773637
1.00135936936968117372259712283
1.00581008241850433648778562201
1.00369036754534590727416798472
1.00089124296732689956002104736
-1.00053094175936507781443651766
0.997643097880326568116515772999
1.00148651713450065336985517206
0.992767274256799558962427454389
1.00910237882069009351937438623
1.00004225938032353937501284236
0.996786560145937916566083458747
-0.992488996495675235287592386157
-0.993695324829373283215261380974
1.00104879702758275961116396502
1.00872657347975591690669716627
-0.996676833083387836431654704938
-0.992437254548956704347517643328
-0.991809468563823348752350739232
-1.00026512434922398853132108343
1.01193023884893595898404328182
-0.997497384202292058930083840096
-0.992278221821818573467055557558
1.0044240612063988216107190965
-0.997244920354934172301852868259
1.0061484844050929687853113137
-0.996492553895642729777648582967
1.00858985700249115247117970284
0.998989413849383889321131846373
1.00760770454103121274158638698
-0.994657632359144616707169461733
1.00570357095932294555495900568
-0.993061155896212355287389073055
-1.00036913465044663418268555688
1.00531527564557099374553672533
1.00775392018019727125022200198
-0.992829800877174872830721596983
-1.00037632466887127513643918064
-0.99390087620933464940264912002
-0.99384430131755741033572348897
1.00506209727509721041371903993
0.99601120670076959129346505506
-0.9912742019809206439617810247
1.00260309142310077845650084782
1.00935547239633249816392890352
1.0056049227735261997196403172
-0.998951944256482482487058405241
-0.992532046372461951300181226543
-1.00056233887962364725865427317
1.00087246133354601518306026264
1.00877888699151374574114470306
0.997131581574111192090015265421
-0.992677572204627600704895939998
-0.996358492275669416216032914235
-0.996973127029713745983485750912
1.00558513149162909172673607827
-1.00278047198786768312572803552
1.0120643522109789014251646222
1.00504895247318448703310878045
1.000671517698229928683417711
-0.989085761725462031535016649286
-0.999750085685144895819576049689
1.01333926412894914648177291383
1.00048372969464249848670078791
-0.993746183211660305545365190483
0.996936951766138501618286227313
0.996132601701263498128469109361
1.00432147391651382939414816065
0.994710007823585096176088882203
1.00503568665793330261237770173
-0.996265680985068957653538745944
-0.994585461618977983988543201122
0.99873252327666872663058938997
-1.00038926053773935542778872332
-0.99669455006750018455363715475
1.01225398252792730957594358188
-0.998333811639199764087493349507
-0.991778525600375826520860300661
1.00804074043076208333502563619
-0.998729507024289642203029870871
1.00388476518235614243224063102
-0.995843546808437674044967025111
-0.99320063398607494331571388102
1.00520477994939105848004601285
-0.999437410936166115149603683676
1.0034753783286463058033177731
-1.00026516706718626714689435175
1.00414756957594297759328583197
-0.997293661857170166129549215839
-0.989978130950207257932049742521
1.00601858454587955726822201541
1.00514144610996192241714197735
1.00126803690852983486081484443
1.00490865600102252663816670974
1.00075180902105564939574833261
1.00784856691657398464201378374
-1.0002328534693327721782907247
-0.993556441972577863985804924596
-0.99663831979679307071506855209
1.00431872854531056837856795028
-0.992342295027683451991151741822
-1.00166973039456097538391077251
-0.993792974702084053184591994068
-0.998710129366402687978165886307
-0.996698446061859200106880507519
-0.993985087647368814600667974446
1.00584442042260202576642313943
0.999886751364832293553774889006
1.00571302297707809714211180108
-0.992237776759636980195011801698
0.995053174248875182961171503848
