0
0
0
0
0
1
0.892290604572233858604590750474
-1.05121044259935603193412134715
1.21815360575713049762214268412
0.822660934334146554114397531521
0.808032607839957783824047510279
-1.13256413384472742755804119952
-0.567945807449500295049915621348
-0.557299309641695606032385512663
-0.346344420672825115126158834755
-0.250218402682158891359165409085
-0.54789230428065716083096958755
1.09727298306199605448796319251
-1.45964706906680419251642888412
0.635827160555377801642862323206
0.48785790828900432725134805878
-1.15635310683300662759620536235
1.09096786518685950895246605796
-0.60055997628006407840217661942
-0.237408909747458762851124447479
-0.454888863551443423105524743733
1.08387337333832300956260041858
-0.609289289769617825598402305332
-0.363226172997319074475797151536
0.563109972848682138746312375588
0.449392668053556820773053459561
-0.553152590633668395092570335692
-0.218271525481858352790709432156
-0.956695059100238998084364538954
0.41953244027752711886591896473
0.122495762986338130318131334207
0.163971732862370100924920279795
-0.0859508714491574732363687871839
0.330141011597650191333741531707
-0.422876501254156655917881835194
-0.189431403516660545882643873483
0.396945992894140786688694788609
0.324126169184175916271328787843
-0.282554906750697942818817409716
0.163810481001682717305811820552
-0.236821947707344659939110442792
-0.0430579148908571962550695388927
0.131582919695589328767937331577
0.101341730406865559999118886481
-0.528538834755919118002509549115
0.240237416792613234228781493584
0.201828279538916355306810146431
-0.347054546005433728339539811714
0.199864659559093604812574085372
-0.0827382681780576278995908978686
0.124985629271072262724828760838
-0.454519059528150637383703269734
0.678363073096382329651987674879
-0.590193547755566205736954543681
0.389656901172921621423483884428
-0.436620121236513614171315111889
0.277373914091787021618529252009
-0.172184373923590205990308277251
-0.0792004532757237811324557696935
0.450360445366101758146726297127
-0.756265653911294188915803715645
0.93296483657646411824515553235
-0.898513655855134318883870037098
0.692550536915702563689478665765
-0.400001738908216220025337861443
0.109141246371378564106180419913
0.0956682963281680898148806591053
-0.389266552401902443669712283736
0.645204762954901589466771838488
-0.520572189948597774389327241806
0.215518607573664811027924770315
-0.130319433297566122931243626226
0.374187435153780501018161430693
-0.527556674789111279544329136115
0.677543733743563358906669691351
-0.446866842404937569810385866731
0.169952388579393876000267482596
0.0451649627471593095862090194714
-0.0422452968125235361895875030314
0.0521908609282881741364690242335
-0.250729907710505184326166272513
0.551571251919085070447579255415
-0.550815481857161337586603622185
0.432348410872955724038035896228
-0.129785121857866725392227635894
-0.15318872089368773536932621937
0.470393602707918079275373202108
-0.350773247397347165410508296191
0.085516990441625528873714756628
-0.146196289005209312250599396066
0.252719480678064933876214581687
-0.41529158715978042870631270489
0.247219672774919185798125909059
-0.184177877269970702300838638621
0.016147459202082270479650105699
0.01362794699213065729992422348
0.215169790232037083654859088711
-0.608679785259954697629325437447
0.554109007875992043423707400507
-0.148774781894844609908545862709
-0.126292994073886943873219479428
0.214908907752172639860077651974
-0.138227922326174867961867676058
-0.0112860179130780391432153919595
-0.0882953175142233703809324651957
0.0639932118434924923633388971211
0.0302372554758352229953288770048
0.0440876014954658668187903458602
0.0384182040961480453233889420517
0.0549630775730370890741482980957
-0.118771047120466932689453187777
0.035799162624975400248672485759
-0.166101690280610725380938674789
0.11144810277455396985146762745
-0.0674156730951310789734520767524
0.0450525374259259647757858147088
0.0301038937526325600657628456247
-0.138608739162616068085753795458
0.142036178573320182039196879487
0.0584759227951026083758279128233
-0.181958560057750906580054106598
0.0991304340064455002945464912045
0.0370514207961193386964282581175
-0.0233895470677201178233417522279
-0.00315426359004167267130469554104
0.00267174197473873942243471901747
0.0874810044787253104914270807058
-0.0585845797059222350711138460611
0.0599807749340535156790110704605
-0.0308642213934144926668068364961
-0.123397840452336149397183362453
0.253499710600198935317450832372
-0.271277034033675423785325619974
0.123148764203080185453131889517
0.0305553461325078767885088382172
-0.081268672479407721986888191168
-0.0126975118036090073303512326675
0.0756956467189108250792628496129
0.0278875456443916647231162642129
-0.145863381423977589435025947751
0.261839410658358473504847552249
-0.496402497880867987767317117687
0.487152159824087327422148518963
-0.280799564164451509462594458455
0.106337649528136624077490068885
-0.108961708264004863977447712386
0.248824297059430987744121921423
-0.277682785168451906621100988559
0.242449304446286761915985152882
-0.166864928892380470770717693085
0.108492318427674705461072335311
-0.196110746111176736938830345025
0.219172375798760810106102780992
-0.195627970872148115866195894341
0.192652802297526237751412736543
-0.12586398099778661752168318344
-0.00484720808405891823156252939953
-0.0636913290664230524740219152591
0.0958964297166522428028656577226
-0.0549481898058885587232680336456
0.0800270032801001507394289546937
-0.161122306102784440540176547074
0.0774411582396196118693865173555
0.0226137199464675475724106945563
-0.0538752733337436451321877939336
0.0102546036597080947316840138228
-0.0135525967502816424570255549042
0.02167996975545971594101501978
0.00710292634889775342799111967906
0.0224644904716806426137054586434
0.0367154637384737858596395199129
-0.0563151109701134355844942547265
0.091253686656818988609529696987
-0.250146996237264662710231277742
0.233547176249923715829481807305
-0.226735901472723488936367175484
0.0932292284433099416318668772874
-0.116180469135964914428882366337
0.102560410158289205817538913834
-0.144896582708182619647629962856
-0.00938935834582510508994346309919
0.0917067290608479801505836803699
-0.169299041841573738587101161102
0.237835793789795912900331131823
-0.201576540229720935215596000489
0.0652857644650856050461129598261
0.0288157870717145048189422595897
-0.132101169224105641220035067818
0.199321327850645046986244324216
-0.314054151502511480487100925529
0.257356906326537182572167239414
-0.161651908732541760294054711267
0.06527166932947203736858909906
0.000310139138539278214068417582894
0.00536505274689069722171552712098
-0.0110246906338075101317031112558
0.0930094694419365541904198835255
-0.110119550583808178956246592861
0.116203298873289728732061121264
-0.077679057492387237893183282722
0.073304089064450295154529158026
-0.0725423731017380557517526540323
0.099834394559069394858852319885
-0.117438666481575415545535179263
0.00137453439290546874929077603156
0.0821085995030321758036961909966
-0.134640150571635142107140836742
0.109141665881919203151539932151
0.0707338803915430469615444053488
-0.208014238993733613369840895757
0.199469827917866604494179227913
-0.0593759136833406087063735867559
-0.0689925415005652187261375729577
0.167456692351792835182777707814
-0.149919010112767647768805545638
0.067760549212604770374923646159
0.000138327747140065682174281391781
-0.0312166877018131838639192210394
0.0145534518793422051885499968193
-0.0460756501102861371066410356434
0.048498774045755199679774705146
-0.0688196122472084503840505931294
0.0713722837197978687839849953889
-0.0290824273821455037136729515623
-0.0402139975570605656685074791312
0.0867620360511641708356478375208
-0.0920788241807256602200482120679
0.0359778159735981706290885995259
0.0432831084291307455202968412777
-0.106758316771963124303113090718
0.103241171325931579971779683547
-0.0307571195846698675069319506292
-0.0486020301446438152126461318403
0.075077118201602566216479317518
-0.0372527839026143281486724845308
-0.0257978121502077106796946281975
0.0615191984306642236646212040796
-0.0530121102143324973710036829289
-0.0073320480056697778792340614018
0.03830264501485314276862936822
-0.0796994535318291674741431052098
0.0722653934727607305532615100674
-0.0584265766965433863688872406783
-0.00677594325517483220266967691714
0.0676211201601846223496750099002
-0.0976261659773665080308546748711
0.0826337693701520992206610571884
-0.0463295798012212101113505013927
0.0388268468052523907374506961787
-0.0254992297812777213295021283557
0.0293506564199624842004254787753
-0.0430065493968435630378621681302
-0.0214671220245929994518974126549
0.0669181705300243567791085297358
-0.127100169045990973870630114106
0.147088488898303615393103882525
-0.168494485609947730608837446198
0.11749846057553070544088313909
-0.0651105295508761505729466989578
-0.0230377146424816103831290092785
0.0788462668135405664315840112977
-0.12286165366840695600814115096
0.13218377945487325142437384784
-0.123672326623622708119398794224
0.0950227264302662133488297513395
-0.081849390260037013788974036288
0.0419152704570208145540277655527
-0.0328901121748319535953442027676
0.00200582844914598545926764927572
0.00200680318681478730979961255798
-0.0202217786171784430493403306173
0.0209061084242807559974153264193
0.00194490558529669677056972432183
-0.0530837993337662794601783389226
0.0756262140658719994590342139418
-0.109902625668809039716222741845
0.0891577278731162659042297491396
-0.0592981592289577585930260283931
0.0387840420791483175833036511904
-0.0171501892842205183598025541869
-0.00715064864337555672335611234303
0.00504239771832648564497958432185
0.00189217167388155971252672316041
-0.0239272214057610899118344605085
0.0447971599894406713460170976759
-0.0486229825043447139165664339089
0.0190266821895136439835027886147
0.003697225068585940910281806282
-0.0309839176949371353231299508479
0.0521635288136175212514444865519
-0.0715322044724273631288724573096
0.0692247289443347346704626943392
-0.0570515256448261842692204481864
0.0250754462929095867096407346253
-0.00915628008496416345707302752999
-0.0216977158481241882981294111232
0.0337672166211092639187540953571
-0.0471034156852915275592863508791
0.0402671359616598723007996341039
-0.0331896928275796643248440886964
0.0386061756333190286838430438365
-0.0391777742813107510144732259505
0.0442494257556987902191281136766
-0.0244232718103640777940199768636
0.00237728028133643576325084723067
0.00833631195112405354308293681243
-0.0182033767827909365166760835564
0.0130292668257985244650853928761
-0.0219305217570195942755617579678
0.00573166296983174117229964394937
0.00161216208031489394159052608302
-0.0197575565132576125293439872621
0.00519223428301551770402966212714
-0.00489469251861918142054719282896
0.00370840240478398364132317510666
-0.0147614415356287498326537388493
0.0118446030357306497649005905259
-0.0453473215862251199936849843652
0.0261548895497194511250427240157
-0.0496566784127825400219080620445
0.0510708666960436596937711328792
-0.0620953691433779875197274122911
0.0520358252457182590688944401336
-0.0510967973242026918256897261017
0.0412074093423885345899293497496
-0.035173538029970918827871173562
0.019567866017833557279459455458
-0.0210870248093114609488907262858
0.00535655088081321562043513040408
0.00315562597434726477274580247467
-0.0191425978425261433812920586206
0.00688536740841383387845553443185
-0.0109285497467248582381671440089
3.26914450756721208790622767992e-05
-0.0173754166468538251422160101356
0.0229898411780632416778757942666
-0.0263993708097634005582676763879
0.0255625095364958587751402774302
-0.0143333523741178137100860112696
0.00883945698884491815050523655373
-0.0226357177731286718369574373355
0.0290665572122482673833587796253
-0.037667042879564682777981943218
0.0377909621779985993583750314428
-0.0339304162099700601373797326232
0.0294423634617648755096297463751
-0.0226847696586595093393157185346
0.00804862421297314334367456467589
-0.00856441176561206773953927040566
-0.00774370770989463164113431048463
-0.00774514548114779710630273257266
0.00584531455254388987441416247748
-0.0231513040368681588532240311906
0.015248075558832008269405378087
-0.0168676377992995618626537179807
0.00502544675232208248871756950393
-0.0205249118984888179184622458706
0.0105474002404355449158401825116
-0.016316954698315067062708294543
0.00609936054882675993127350011491
-0.0171164803509484819699082436273
0.0148046532984802414745217902237
-0.0224323664635048825033436514786
0.0177719912289062698107500182232
-0.0222181074985604576355058270565
0.010496665918917291726586427103
-0.0164095977499386647124879345938
0.00573915030050708985243090864969
-0.0110890307911397645312945314799
0.00254038836682135560351980529958
-0.0237580135230960332037852822396
0.0188180575303001917930600939144
-0.018845021914086435010915465682
0.000523487418952250926906799577409
-0.010874668724324632052002925775
-3.56307552018542139649071032181e-05
-0.00473986129284786894544367896742
-0.0114161075783770771252534359519
-0.00156940304338926139848808816168
0.00320972391953633362504660908598
-0.00892517443307805358188034006162
0.00771598966079622972102924904902
-0.0176106497485190027774137888628
0.0119892587742048695176322326006
-0.0069016926953563428881466279563
-0.0164199785752693339091479174385
0.0164025008694693719135671017284
-0.0287211356642969040109392153681
0.0149695510566788536621629646106
-0.00976427014968050954735190316569
-0.00140612404120665779316823318368
-0.000371703091577524347144390048925
-0.00196900157065227343622382250032
0.00612488252415821499141657113796
-0.00542115440560142491932538177934
0.0107487861994226552297959642601
-0.00915116169060103956667262536939
0.00219656140491319984420215405407
0.0040260939418457208915924638859
-0.00812823721384658970379177844734
0.00205608482214236776286497843103
0.00258198653275965028797145350836
-0.00790159388211630897558279684745
-0.00490755308363044484565307357116
0.00554877215351723407366080209613
-0.0145496770816802012404878041707
0.00320142230280995310209846138605
-0.00987706667871057764074294027523
-0.0114470841272602541494052275084
0.00433472811314028483309357397957
-0.0109167507432570420888851003838
0.00485718920233313422585297303158
-0.00980867637743221276735994251794
-0.00103892373964398210262061184039
-0.0116074243844777047485194998444
0.00856280697382472144596476937295
-0.0124422162685440262919200904435
-0.000543022177368346348202976514585
-0.00675486269085501245257319169468
-0.000727278070189907310805210727267
-0.00454242255993886345777355018072
0.00113149872480944324593110650312
-0.0103454870595771630803483276395
-0.00140729965574992732513237569947
-0.0159564375163587790495967055904
0.00660700524630675189996509288903
-0.0177195645379519817197433440015
0.00833187537765567309833159015398
-0.0130771779367575557984082479379
-0.00143030668615573564039777920698
-0.0041386798892424359053165972
-0.0018448045604173568534633886884
-0.0112148871103168179530484849238
0.0121185285256962815836345725984
-0.0221168270504183972491318854736
0.0129002417664461077606574690435
-0.0206138003641902489704307299689
0.0085262696457185649379084679822
-0.0116986861273167264130279363599
0.00309785891691261028313419956248
-0.00845156042366124182763087446801
0.00784572577871656129389066336444
-0.00953612763189259915463935612934
0.00426212894664035335523522007861
-0.00606828745101051225674382294528
0.00170877370809774387083734836779
-0.00642867091660015432807995239273
0.00669993872527152589668730797712
-0.00586851237175056716921517363517
-0.00524541815690571233687933272449
0.00392491077953982525627907307353
-0.0019324883035449769153046872816
-0.00224027728088005417816930275876
-0.00896128490851100245606630778639
0.000186848416561136154712130519329
-0.00435232484113634576772255968535
-0.0101276150561933064864206244238
8.80331594078631596289596927818e-05
-0.00770351996202833788629504851997
-0.00289306131617106387921012355946
-0.00692224629385906897738323095837
0.00101279113608188087169992286363
-0.0100216045567068645638642010454
-0.000209974964963999255473936500493
-0.0078775745683945519459712159005
0.00652011008368225120079841872212
-0.013489685217047076015717266273
0.00671812986214592733347217290429
-0.0155852750740247403271609982767
0.00570095501582978947396895819111
-0.0104966323317220444621966635168
0.00812205715405889261404581702664
-0.00444198515833105211925158073427
-0.00848325912495062617324492748594
0.000567466235459224144221934693633
-0.00888681514851463738580150675261
-0.0046028506839789207205626553332
-0.00129767644841183305004506109981
-0.000539848400696874008986014814582
-0.0108460696718030158436363308283
0.00916895133661832506533073683386
-0.0162821654522516956475897131895
0.0063809469381126415754579284112
-0.00309101270957123919203013429069
-0.00648780225170741964291210024385
0.00639083318283129031556200061459
-0.0110938818131517402676422534569
0.00188287260087682817299992166227
-0.00516568791477478583828997216187
0.00306857117343795060548927722266
-0.00441835691389891316305238433415
-0.000622718060321103550336374610197
-0.00727794529416370128416247098357
-0.00926302185819960488544211330009
-0.00206512491334853720559294742998
0.00195342545425547520210329821566
-0.010358194135416942671668039111
-0.00642994309954825205011275102152
-0.00903949517486679621214307189803
-0.00239399270688966936404540319927
-0.0139557940954949666334528046718
-0.00420093063113058384772102726856
-0.000791536010125604150289291283116
-0.00275105521721297208159739966504
-0.00178974139093290851576512068277
0.00197834870981472565887315795408
-0.00328980319935245901774578669574
0.00345397611112630009699842048576
0.000661668446572782897874276386574
-0.0069446099022327789640485207201
-0.00354592282393506597060195417725
-0.00225100795478039295005601161392
-0.000336031895110222578182401775848
-0.00380041805981046199036654797965
0.000505726460711786174329063214827
-0.00462508509002956813560558657628
-0.00459520503780430633611331359134
-0.00147034538990686858284107074724
-0.0134943278103224484354427659127
0.000252488599710387617847118235659
-0.00691786571228303337477427703561
-0.0105856325130463391204216350161
0.00277081154374902993708928988781
-0.0127585642424423717500303609995
-0.00129039249501583519474934291793
-0.00535885826888082839047910965746
-0.00116901012948766869214978214586
-0.00485244270140994249373989077867
-0.00826574706328098152141592436237
-0.00226566331515798413676066047628
-0.00770545942285849605468683876097
-0.00548161842463068538222614733968
-0.00210672724774441100237254431704
-0.0100933985007560789171066062408
0.00547362677005880371439161535818
-0.01327007110712763449100748403
0.00618722509601121739564177914872
-0.0154029584812795938830731756752
0.000780062743447107465044609853067
-0.0120799483667231033479083635029
0.00153929421672671651322161778808
0.00041339893602354571555679285666
-0.000919129345919866835856737452559
-0.00247091456524906050162826431915
-0.00340825535594224682256481173681
0.000886465564120086924049246590585
0.00298244558975091500485632423079
-0.00880188192778619260536743240664
-0.00410471929400224588846413098508
-0.00859801001591253832856409644592
0.00376937262463639122245240287157
-0.000399991608912020346622284705518
-0.00540085360351305610038252780214
-0.00786714536364119254585602902807
-0.00357169302592041937316480471054
-0.00955689136392146032505934272194
-0.00234990526460809867614898394095
-0.00807411151589032538566925722989
-0.00028088381225299663412897643866
-0.00760084094316604286234451137716
-0.00202534414663690931490691582439
-0.00600445718882935963733871176373
-0.00402007920503555382651938998606
-0.00122142919782985970300615008455
0.00253283045664121075901675794739
-0.0128759555341730891342422182788
0.00682364260881596074170829524519
-0.0112517654635212460689785984869
0.00176709274347619516021268282202
-0.00551083522517281654273801905219
-0.00392225773664556243147671921179
-0.00482418530745909457380093954271
0.00372794955194399868503296602285
-0.00281801031361239573413968173554
0.000571297909491841338081030698959
-5.30123407587179684696820913814e-05
-0.00266570068427540718403179198503
-0.0014289807948875132836974444217
-0.00245338478244172542019896354759
-0.00397761833369281170291742455447
-0.00410391137030674535424168425379
-0.00263432354173054328327907569474
-0.0052245479948765938260635266488
-0.00459637230222309511873390874825
-0.000905175602057717298976058373228
-0.00432877283318078287521757374634
-0.00529480838995344260666797708836
0.00221652530725591212501512927702
-0.00482520217577175891676688479492
-0.00683273559761854443195261410438
0.000684512198595332854722528281854
-0.00794614210200084158941535861231
-0.00201367772928107147123455433757
-0.00283073407917378006004582857713
-0.00105823463321974564621541503584
-0.00412295343106783285236360825365
-0.00234888231250085510737335425802
-0.000739227825858224107946625736076
0.00350813813054817735803680989193
-0.00982201883472222370130566559965
0.000932545029634024302822581375949
-0.00983340296520451850881272548577
0.00263577374965695554465128225274
-0.00955485210525852668439483750262
-0.00499221786477055395891966327326
-0.0038598043148334593155368565931
0.00200698050780334646958635858027
-0.0166077363669885347263743824442
0.00834167278741060336244572681608
-0.0132155280197401303610149625456
-0.00238984925735796771562036155956
-0.0107933872544274667149011293077
0.00403894240117730340955404244596
-0.00426417010785051786569965770468
-0.00534487404304173630009699991206
-0.00801728330884254880572825641138
-0.00300917755060448044446275162045
0.00150139400417792501229996560141
-0.00977132078147069371709676488535
-0.00303930915040950822003651410341
-0.0045987543045440393285616664798
-0.00395342462748882184087051427923
0.00263709251701160773961873928783
-0.0075201702204752418623456833302
-0.00135213726815741619446953336592
-0.00675486422439575129317290702602
6.49346741101730628997756866738e-05
-0.00808828759227031568457277899142
-0.0054437780057671192324164621823
0.00330298527490580084986504516564
-0.00136185034631064461052574188216
-0.00503203141734864800582727184519
-0.00270594833548698510128360794624
0.00233081948117042081491945282323
-0.00748823321483305104351302361465
-0.000504891719266042926506088406313
-0.000602630077372268146973510738462
-0.00453687009133840746244459296577
-0.0112991933166850522241020371439
0.00625996239351644945259067753796
-0.00788198767485592810544403619133
-0.00265419878888517590809215107583
-0.00491230621385640997544896890759
-0.00055324855653493543172771751415
-0.00158360865218920565666849142872
-0.00439242431120534515542885856121
0.000752387498283324518411063763779
-0.0017883356256229721026329571032
0.00750549966056091033550501379068
-0.00839878401526528151066486316267
-0.00173198697356069519770471742959
0.00228391499708002765345327134128
-0.0106899976728608292475541929889
-0.00140523458535957157522489069379
0.000918664980470662584366436931305
-0.00569137024676980018966787611134
-0.00211593834090439969486396876164
-0.00328116860132510179681730733137
-0.00301332099958173671438999008387
9.330018379971605213540897239e-05
-0.00693726743833467107691603814601
-0.00533780497531377573494637545082
-0.000820215461042828053450648440048
-0.0127972683727892722060914820759
-0.000330407411366140379982425656635
-0.00481641142321365123279974795878
-0.00558717462794078301158151589334
-0.00805254284220491278745157615049
-0.0070558208444095882327928848099
-0.0031093289236425736277169562527
-0.00517596387008245617522561587975
-0.0111818836113808384169487908366
-0.00154817621158021001548377171275
-0.00341375815624500589251510973554
-0.00842254141763443264778743468923
-0.000367568964848352663921104976907
-0.00817798367833955097694342839532
0.0013867138038964332835689674539
-0.00931192795417523644374568903004
0.00427569690344509201196387948585
-0.00134637181365782065967096059467
-0.00897226891594815612052116193809
-0.0042478159760099831743218601332
-0.00954629722861755070084655017126
-0.0016876616233495456143032242835
-0.00710655065934073792988101558876
-0.000344599886676677513719369017053
-0.00513989185099661405331517016748
-0.0033253165310511700880624630372
-0.00334158633670988969299742166186
-0.00182385718888211645349883838207
-0.000925405358144004708265129011124
-0.00631920584580347721725956944283
-0.000652670456603776649728843040066
0.00278978020670639370592880368349
-0.000364973295855719470637268386781
0.00181950473689340697092120535672
-0.00230984949004975348429979931097
-0.00115087699147864430671006630291
0.00141313607452797640462449635379
-0.00336399148254884483577598075499
-0.00122598412787144894764423952438
-0.00625358261165298578987403743668
0.00300671040184630200542414968368
-0.00884907047905914012631001241971
0.00483214604988857487910536292475
-0.00463923453506298599791080050636
0.00365762782271183972682138119126
0.00269268298604274924912260757992
-0.00507897614828989318880303471815
-0.00430400248326590073588704399299
-0.0034973696227752482101891473576
0.00469972396146256521376471937401
-0.0114779372704427728990594914649
-0.0030751857935285009659764909884
-0.000996873354436100811426513246261
-0.00722428208425762719002705125604
-0.00725701080847929169692633877276
0.000638392377141472344703743146965
-0.00298260157827412442088643729221
-0.00646493935953318388243360459455
-0.00786980511317447728458773781313
-0.0065396082608848438155746407574
0.000476320836176435946640594920609
-0.00648652475966970953891177487094
-0.00258320351567786765656364877941
-0.00747705975125101396372429007897
-0.00925378080443950423727983434219
-0.00596987762996226134504240690148
-0.00657799287575633329083757416811
-0.0024379140232733131909981239005
-0.00830206422598223081621426899801
-0.00742464948610421782149160208064
0.0031162281763247312582620907051
-0.00296991385137501673341375862947
-0.00428311075231269100527242699172
-0.00423763155177903083625778890564
-0.00505662745310897498995927890064
-0.000259713423925500563882451388054
-0.00724795029040214977555933728581
-0.000748055657977753085674521571491
-0.000913839510847114233627053181408
-0.00704279154354292558082306641154
0.00061533576343975049383061559638
-0.00368013944073997123496155836619
-0.00306623824539808964573239791207
-0.00411769299642106290093579445966
-0.000413682051187524990609745145775
0.000348354305413467457697151985485
0.00321034355395577453151645386242
-0.00411855311148046077107665041694
0.00335059521166247709089702766505
0.000437718926676877728709769144189
0.00391067823794444269225323296268
-0.00101019864419149563161681726342
0.00705890129338682115189840260427
-0.00654729308649848462664522230625
0.00377571001013732310269688241533
-0.00258577765362200118204327736748
-0.00430037308191066891538412164664
0.000578775746820081593568829703145
0.00628795458174025156949937809259
-0.00317074076220813516613361571217
-0.000641986995787324765672110515879
0.00428782107725456107516492920695
-0.000829090404850463258412673894782
-0.003385437563112381198493494594
-0.00582805206450820456609562825179
0.00264490688921070749017872003606
-0.00595300976986146146430201042676
0.00885465426626730334191961446777
-0.000514351814880686930564479553141
0.00427870142131636654880821879487
0.00180395212506390123508026590571
0.00497056584574939730458709163941
-0.00273783992875631376762157742633
0.00438832528412191891220572870225
-0.00673293496397997515146016667131
-0.00381637627475828189460571593372
-0.00349803550675398255975778738502
0.0074148572300172244098348528496
-0.00123177918784622697501163202105
0.00887294982962338885101871710503
-0.0137782873967646768420536318445
0.00346832046646683433976932064979
0.00303269785694926241603752714582
-0.000979757614421705724794264824595
0.00470845616226256424852181226015
-0.00411776501211247314415686560096
-0.00267068902480815939526337388088
-0.00305255839605167444972266821424
-0.00486609885409627906938112573698
-0.00432337556718864757243636631756
-0.00192195992635313395169305294985
-0.00779177493150484679063083603978
-0.00387099303933990945836285391124
0.00163518971025022885612543177558
-0.0103229659497114933941475101165
-0.00456873346176789318917599302949
0.000223668555069056473882938007591
-0.00988887068363308863183647190453
-0.00904166556504470975141884991899
-0.00579394906478092330814888555324
-0.00542121661245142938412300281925
-0.00516125424633462337453693180578
0.00104085630664263462108465319034
0.000195548515675936229740727867465
-0.0114170393260282221348234088509
0.00154817380943539362192495900672
-0.00617395934098219356656045420095
-0.00329949394201434209605849900981
-0.00857526182021872696026321136742
-0.00541737965150490552446171932388
-0.00506407562504207486853147202055
-0.0074983726267916495089593809098
0.00272784930132752290177222675993
-0.0129925136511296335228848874976
-0.00412556441867995005168268107809
-0.00132316523814202113840110541787
-0.00636462950919480796585503412643
-0.00291950754661296496550448864582
-0.00650923502946154641790599271189
-0.000161272771014075999573833541945
-0.00583922118131408041108443285339
-0.00431083622158801027524077653652
-0.00743775577819294486658918685862
0.00589159343522893674816032216768
-0.00863228560897832952747421586537
-0.00278851729681872662069963553222
-0.00254911646520639134649854895542
-0.00128533834245891931402638874715
-0.00511471428311915943254462035839
0.0050435159997265222031614939624
-0.00504490215835318167592049576342
0.0093284023694562012707365283859
-0.0045687799829481345881276865839
6.2684375617960697013586468529e-06
0.0037973733035442380767676695541
-0.00273597301609851406567486264976
-0.000205479857898094309121006517671
0.00894882816945608006165002734633
-0.00291540261482614582178030104842
0.0101655534520163071121601205959
-0.00415682727548194463906838791445
-0.00109621301322126996069528104272
-0.00318658874777955070101143064676
0.00450021486405072224101786559913
0.00313680559845241901939516537823
-0.00675792087514914818768829718465
0.00223503679944514477284656095435
-0.00351803298339325998256299499189
0.000860043053886760944237721560057
-0.00131552421984859613246499066008
-0.0055901724790297091516322325333
-0.00891411411494358318918784789275
-0.00353504787773795126071263439371
0.000635793916635485345523193245754
-0.0062039495698082980368326388998
0.00146931576404618624565046047792
-0.00866169789709325677051765524084
-0.00878247821144462204046021724935
-0.0030306291665810336510844535951
-0.010018677952919663454167675809
0.000865113714571541514430919050938
-0.00444356913028876032711877996917
0.000966438663828061983451789274113
0.00358571948717556487906676920829
-0.00555819393987089238606813523802
-2.48320161659876248450018465519e-05
-0.00412126946327573406847477599513
-0.00390931431135133067300557740964
0.00165068341501362070289360417519
-0.00311290391047647219124883122277
-0.000234707202284800686697963101324
0.000137302090003732502054845099337
-0.00391569058526641811113222502172
-0.00353867684124908876697190862615
0.00231739867672908772533446608577
-0.000198840443094594476747261069249
0.00363960260538109814376639405964
-0.00214166457703401924561603664188
-0.000928655865175986861004275851883
-0.00369459497517110602160528287641
-0.00405412126640747327854796822066
-0.0105030306449364063681173320219
-0.00620274740855419892682220961433
-0.0116713848241514206449664925458
-0.00482916712109959789245294814464
-0.00924210577015660561528420657851
-0.0015875715326318928788396078744
-0.00130719084170749511031317524612
-0.00425399313063556938629972137278
-0.00958044134628122101560165901901
0.000266132910052840898629256116692
-0.00157333425928385395309305749834
0.00553216135409262399491581163602
-0.00538031176833586588514890536317
0.00799400519101622908380022636265
-0.00135936936968117372259712283267
-0.00581008241850433648778562201187
-0.00369036754534590727416798472404
-0.000891242967326899560021047363989
0.000530941759365077814436517655849
0.00235690211967343188348422700074
-0.00148651713450065336985517205903
0.0072327257432004410375725456106
-0.00910237882069009351937438623281
-4.22593803235393750128423562273e-05
0.00321343985406208343391654125298
-0.00751100350432476471240761384252
-0.00630467517062671678473861902603
-0.00104879702758275961116396501893
-0.00872657347975591690669716626871
-0.00332316691661216356834529506159
-0.00756274545104329565248235667241
-0.0081905314361766512476492607675
0.000265124349223988531321083428338
-0.0119302388489359589840432818164
-0.0025026157977079410699161599041
-0.00772177817818142653294444244239
-0.00442406120639882161071909649763
-0.00275507964506582769814713174128
-0.00614848440509296878531131369527
-0.00350744610435727022235141703277
-0.00858985700249115247117970284307
0.00101058615061611067886815362726
-0.00760770454103121274158638698282
-0.00534236764085538329283053826657
-0.00570357095932294555495900567621
-0.00693884410378764471261092694476
0.000369134650446634182685556879733
-0.00531527564557099374553672532784
-0.00775392018019727125022200198146
-0.00717019912282512716927840301651
0.000376324668871275136439180641901
-0.00609912379066535059735087997979
-0.00615569868244258966427651103004
-0.00506209727509721041371903993422
0.00398879329923040870653494494036
-0.00872579801907935603821897529997
-0.00260309142310077845650084782392
-0.0093554723963324981639289035229
-0.00560492277352619971964031719835
-0.00104805574351751751294159475947
-0.00746795362753804869981877345708
0.000562338879623647258654273173306
-0.000872461333546015183060262643266
-0.00877888699151374574114470306085
0.00286841842588880790998473457876
-0.0073224277953723992951040600019
-0.00364150772433058378396708576474
-0.00302687297028625401651424908778
-0.00558513149162909172673607827164
0.0027804719878676831257280355203
-0.0120643522109789014251646221965
-0.00504895247318448703310878045158
-0.000671517698229928683417710999493
-0.0109142382745379684649833507137
-0.000249914314855104180423950310796
-0.0133392641289491464817729138304
-0.000483729694642498486700787907466
-0.0062538167883396944546348095173
0.00306304823386149838171377268736
0.00386739829873650187153089063941
-0.00432147391651382939414816064527
0.00528999217641490382391111779725
-0.00503568665793330261237770173466
-0.00373431901493104234646125405561
-0.0054145383810220160114567988785
0.00126747672333127336941061003017
0.000389260537739355427788723318372
-0.00330544993249981544636284525041
-0.0122539825279273095759435818763
-0.00166618836080023591250665049301
-0.0082214743996241734791396993387
-0.00804074043076208333502563618822
-0.00127049297571035779697012912948
-0.00388476518235614243224063102389
-0.00415645319156232595503297488904
-0.0067993660139250566842861189798
-0.00520477994939105848004601284629
-0.000562589063833884850396316323895
-0.00347537832864630580331777309766
0.000265167067186267146894351753872
-0.00414756957594297759328583197203
-0.00270633814282983387045078416122
-0.0100218690497927420679502574785
-0.00601858454587955726822201540926
-0.00514144610996192241714197734836
-0.00126803690852983486081484443275
-0.00490865600102252663816670974484
-0.000751809021055649395748332608491
-0.00784856691657398464201378374128
0.000232853469332772178290724696126
-0.00644355802742213601419507540413
-0.00336168020320692928493144790991
-0.00431872854531056837856795027619
-0.00765770497231654800884825817775
0.00166973039456097538391077250708
-0.00620702529791594681540800593211
-0.00128987063359731202183411369333
-0.00330155393814079989311949248076
-0.00601491235263118539933202555403
-0.00584442042260202576642313943012
0.000113248635167706446225110994419
-0.00571302297707809714211180107668
-0.00776222324036301980498819830245
0.00494682575112481703882849615184
