1012.000000000000000000000000000000
0.257377909133784166240133117753
1.254223454842584128954285915825
1.003426399195217255666534583725
-0.499175394002321359820939505880
1.002538037741608434316731290892
1.500755257550665966448377730558
1.003325955384319012608784760232
-0.998106086192985242355746322573
-1.493541934882310018295470399607
-1.492537322761803730841734250134
-1.495114874645202540648369904375
-1.495174618682232114963426283794
-0.996554406408522219784629214701
0.509591301017946252116530558851
-0.490066332408819749222317341264
1.006423081719724388349845867197
1.008462098191060585250511394406
-0.496243500936856318794809794781
0.505878350049655867159970057401
-0.996306447696534869251649979560
-1.490509646410840050023693947878
-0.993922532386995238873339530983
0.508941120143891145843895174039
-0.993819863849145002099305656884
-0.999152304726303230886230721808
1.003083100991236653598548400623
1.005931125377933499365212810517
-0.990843921607054256561752936250
-1.493432511349702673797423813085
-0.996456774096592723388710055588
1.006578651141024183246486245480
1.506326019519544701097402139567
1.509720578579225813697917146783
1.506073268957385691280137507420
1.000080739251921091437225186382
-0.990129018367570723491155604279
-0.998542759845145067032490260317
1.003610534230824136159299087012
1.009646537475301419917173006979
-0.993276466193664053783152212418
-1.493175991873414210076020935958
-1.495660701557228744462690883665
-1.495993019587400718606318150705
-1.496968044926600294175500494021
-1.492387514780703305916631506989
-0.996358379835092233811622008943
1.001240556616979748838502928265
1.002031321195689494985003875627
-0.998560936296411738588574280584
-1.491023376602830907700081297662
-1.497320740771432845406252454268
-1.497688042279329501127449475462
-0.993449225195335183791200961423
0.503007781890211225217512946983
-0.991961688058538793022478330386
-1.493131377835358319927649972669
-0.994105315260394917231678846292
1.004764083259554574567573581589
1.503764662411477326386943786929
1.504409755745740984167468923260
1.007070023905051181500880375097
-0.499409839158115098634027617663
0.502315049006204716874890436884
-0.493004053187332702545830898089
0.507088495837042074754208442755
-0.994277455896577344596209968586
-1.497385049029955395027968734212
-1.497745169673074583371885637462
-0.994665604990175644672945054481
0.502636649528374501727512324578
-0.492605516904835172287135947045
1.007676951277449939325947525504
1.507193674148920248256899867556
1.006291319095530267802018897783
-0.491066352286298135609854398353
0.505526163463246525076044690650
-0.997179486574157003531126974849
-1.497622354054513715837515519524
-1.498999106057281149873006143025
-1.493822464726218157693438115530
-1.492348007960073719146976145566
-0.993897384946079931467011192581
0.501324069298734076305379403493
-0.492988462323803056097659691659
1.007391569151320664943227711774
1.503688973433704889615114552726
1.505473256445412300053021681379
1.000770999951997586308038989955
-0.494014189451954022214152928427
1.000186449272133737409262721485
1.503481434623401113981344678905
1.008090070312244845851523677993
-0.493712225991193409679880232943
1.003748899890470891449467671919
1.509138014072108013863271480659
1.506271597988932731126965336443
1.509296751316073104121073811257
1.004892926521728346855866220722
-0.493457504131376456513180528418
0.506427808599044460002858158987
-0.999481991094166688505140427878
-0.998602868030733725746017626079
1.001242301956118296857312088832
1.502082064274129713510319561465
1.509874224383018770367925753817
1.506717724436294147949411126319
1.007210335900317055290997814154
-0.990787107451408965985706345236
-0.998182688058678380116361950058
1.007532923069723196363156603184
1.005233938688668837713180437277
-0.996208473296756102932647536363
-1.492540075631635154707055335166
-1.492011260188112586888564692345
-1.494043042264808995867042540340
-0.993136631090749455452737493033
1.008514132430157195230435718258
1.003615162350018685799568629591
-0.991641765133149832855963268230
-1.495227223977607211580220791802
-1.490853611122368027608331431111
-0.992824108517278536290007195930
1.006148018467680982368506192870
1.009796457172650985256723288330
-0.994889975800003378836322553980
-0.997851736936709921010901780392
1.005276506939667413575989485253
1.003737702732413028527957976621
-0.990306674271189457670061528916
-1.498218745082061431617148627993
-1.493770475426122068540735199349
-0.994405398697584597123011462827
1.001235594231947967358564710594
1.506965362585355627800254296744
1.005797780687879949823582137469
-0.995651069378346575966531872837
-0.990471560251375615635538451897
1.001090103656910867968576894782
1.006308399420166033166879060445
-0.997083844130283614148879678396
-0.995029504721282709311935832375
0.503678448778567711130449424672
-0.493137540905226878784617383644
0.508912471630744045469896263967
-0.499211013534136271996288769515
1.004787891994948889617944587371
1.507347785937567019587390859670
1.002889552069003542555947205983
-0.496638311529113918307842823197
0.509445285304729655884159456036
-0.998895195012166392523056401842
-1.494130647666871203327332295885
-0.992990126675665440991735977150
0.506629434500415309905463345785
-0.499340996228378852794804743098
1.009586576190408369058104653959
1.500230678666832462297975325782
1.000320762926174111839827673975
-0.994444349412102579499617149850
-1.499247409948367470988728200609
-0.996789620803127274228927490185
1.007922844791937500019685103325
1.505598554504914865503906185040
1.005806157654465904371932083450
-0.990827508659318345607402989117
-0.998952858017279621272166423296
1.009884488331945551209400946391
1.006415949145725186042454879498
-0.993122472929589661383431575814
-0.999840447005810983860385476873
1.008711621619966747331886836037
1.003942468857256242742437279958
-0.996019826748314685005425417330
-1.493637436346770153150487203675
-0.996026017869175106511647754814
0.509401345913863212722105799912
-0.490833195016169343549705672558
1.003729752520286844230668066302
1.502260538861953209632815742225
1.004066310213357127167910221033
-0.490072055224129443651293058792
1.003048960825039470634578719910
1.004958160534166644595188699896
-0.498015024084646318325297897900
1.004828192516659335353779169964
1.509525354876049441088525782106
1.004016830220125777728412685974
-0.999871579084684158900131478731
-0.993829783767112617809402763669
0.507844312335951286740964860655
-0.496538387056667473995474892945
0.501026451282611362536556498526
-0.496387729271523192586812456284
1.007880882362125696261045959545
1.504695309499145761122917974717
1.000201444580533172157288390736
-0.993013945788008611792463398160
-1.497343800527974000402764431783
-0.994507816010982814702856558142
0.504257513645439803262604527845
-0.998036533525037405922830657801
-1.496051561585284295219366867968
-0.997325711448557306049167436868
0.505383622226783679742823096603
-0.998502454238455183777034562809
-1.490023503760931733452821390529
-1.491710357485398485977157179150
-0.992715052103673945005368750572
1.002509106976446684456050206791
1.009532041691349801837418453943
-0.490265660026692917661250703532
0.501175829603223821351321021211
-0.997479916947982769848124462442
-0.998672477663997248953364760382
0.502940404615268010779516316688
-0.992086774840364782335200288799
-1.490159533033359240405957280018
-1.494686661121647608396756368165
-1.495783998491273081299368641339
-1.492568939759332025118965248112
-1.491373355176880188821542105870
-1.494888890634759492925809354347
-0.995100229543108838470288901590
1.004047211128315630901397526031
1.504401997032115634311821850133
1.504379395288434784205833238957
1.001157445771961418401474475104
-0.990654728650096405573322044802
-1.494796261608578591406626401294
-1.493112881920961365622702032852
-0.995456559002586338635865104152
0.507805596852968554877350015886
-0.997768644243894553547136183624
-0.991533619336894322948694480147
0.509586179562978247581384039222
-0.998695512693046683061481871846
-0.995626459112482375957142721745
0.500409307951444892736958536261
-0.992243115261797203885407725465
-0.994769253026123623229182157957
1.000322674426415758830444246996
1.509062269652823751187042944366
1.009240827042429566873238400149
-0.997197544313593975395804136497
-1.492597039374430556435413564031
-1.499261647257006613287444451998
-0.993454759063248538097923301393
0.503143629659175362078826765355
-0.999754536537209914648371977819
-0.996954786491783928603638287314
1.005371204260353312776032908005
1.000344684528574612514262298646
-0.491209562514715369907492004131
1.004175619943559860658410798351
1.005116304235510682474341592751
-0.490330499077546277941763719355
0.509292542643770218546706018969
-0.492812721772485085036663576830
0.507262154741072834873705232894
-0.491624147221163376730856953145
1.006346080268985199168696453853
1.006068935762829408275820242125
-0.491308137112180909333858380705
0.501268378324529528811126510845
-0.490188142386183356435935820627
0.502518734717302462122745509987
-0.497664548407722562295418811118
1.006237810625729700575448077871
1.505569202144143359234362833377
1.005462752004421922435994929401
-0.991286656882330419193749548867
-0.999942483822029548612420057907
0.501520188892126905777502088313
-0.998060392735361512350777957181
-0.994473059014535420985225755430
0.503607730273087805805687366956
-0.493528580864153354479384461229
0.504189393148552933432426925719
-0.499744152095771776433963395903
0.507901802408369906771667956491
-0.994968548028910881875219729409
-0.996076227554312243483991551329
1.002804751735583810301477569737
1.508680594296923027641810222121
1.506256544005856623513750491838
1.000989576713473994118430709932
-0.496033847893819102026213840873
1.009900160680153868852926279942
1.502530341134327596108732905122
1.501204191316353853125065143104
1.000685921439175674052535214287
-0.499309731334900974708546073089
0.500386853899088546171469715773
-0.495325964669795337780300314989
0.509059041571347514754108942725
-0.990524565022501635169760447752
-0.990939355741177863023949612398
0.503823331770299809306834504241
-0.493132996647701549175479840414
1.000600282848027156035186635563
1.507710915562832099112711148337
1.002756572268577839324166234292
-0.493431799817173333266850931977
1.002889793223424641510632682184
1.504881501192225856655682036944
1.504606330980447159717527938483
1.506105269848362127049767877907
1.503266664724415724307959862927
1.001871781035003072801714552043
-0.494359827585870770239040439264
1.007705606819483401537240752077
1.003836727722508870286333149124
-0.990404859670796167137041265960
-1.495562483096289696504754829220
-1.496112826846121679480461352796
-1.496114051189303628675020263472
-1.490378798470985977075997652719
-1.497047928337881472771186963655
-0.993785447770750507423542785546
1.005294719703955674816597820609
1.509822737058998720627300826891
1.000450992616531920020861434750
-0.490196366039803821390563598470
0.503505496323582879547586799163
-0.491955166953892353287614014334
1.002016204514118991042437301076
1.507133129799156368022750029922
1.003320794833627349618154767086
-0.498103444039351028749251781846
1.001772148752657853876257831871
1.001735358286948374129110561626
-0.490892960719761739518673948623
1.004573545761362929340521077393
1.003151035074482111397742301051
-0.991868923363356413958058510616
-0.994633493038766913763026877859
0.506719488286651364994384039164
-0.497179109587171874640176838511
1.001940483873363207933948615391
1.501425634678064779947703755170
1.503391379761398694014928878460
1.504090497548222327139910703409
1.006415042787945246516301267548
-0.496115518690381007704814919634
0.503831051981621813595779713069
-0.498012484598779614497487955305
0.503944958574833345998911227070
-0.494481457939452806460423062163
1.001368210945696723968012520345
1.007558940019757764972041513829
-0.990837212382241427910400943802
-1.494310494607667960664798556536
-1.496907701855462180517974957183
-0.990288011911369059347975962737
1.001235502644277630679425783455
1.501909520991945079515517136315
1.007689111201457876632048282772
-0.991905301719556820039258582256
-1.496264024089721367261063278420
-0.999051573348278543207356960920
1.006387168133792142654669987678
1.503434661742470757062051234243
1.008524271666382476908552234818
-0.499355505493226936586381725647
0.505349942660168749419824507640
-0.498320042014047170919610607598
0.509467972913410505064746303105
-0.990269129594153807438772219029
-1.494138286272051585612530288927
-1.493064610690018723104799391876
-1.491201095468658754938928723277
-0.990971078378963143862279139285
0.501177007581304678751621395350
-0.496677880257577752942665938463
1.007917852382760548479723183846
1.502744262249180007273707815330
1.004246897823178663600174331805
-0.990169699826993654490081553377
-0.995256073116830841662761031330
0.505754038271966299689097468217
-0.997752173706929257335218608205
-0.998527769522570274318695737747
0.509053426062908709326393363881
-0.492310655472408320587618391073
0.501327104514252774869476070307
-0.990685917160389228897088287340
-0.991040640349021395572037818056
0.503285220347622352932148714899
-0.491198867240870196138047276690
0.501340818020314271663551153324
-0.497516013388852984533627932251
1.008800815357637548075331324071
1.005266983866097696420638385462
-0.995882676365773544802095784689
-1.496992730895772671928511954320
-1.497826720012580770102772476093
-1.498226255912839199879726947984
-0.995486507462049252659141984623
0.505002426266174198055125543760
-0.999143466288427761767820811656
-0.992658888518266668832268351252
1.000903019627563672599990240997
1.501406708563616243523597404419
1.508899937881072128575965507480
1.003748708743457340730742544110
-0.998701994384085134370820924232
-0.996075964513656209042835598666
0.501700002951354306901521340478
-0.498804215327583566619296107092
1.009828021236815809302811430825
1.500850554417404669749203094398
1.507440417135338384113651954976
1.004503456404795214140790449164
-0.497700782008062836414552521092
1.008799711531665366237575653940
1.505211930578735479713259337586
1.000469900787210875137134280521
-0.996174238262720557202101190342
-1.493865298081308301547664996178
-1.495748845615288757926464313641
-1.497014742620732530298255369416
-0.996718649125785338682703695667
1.003027886610345031925817238516
1.004756557541353068074840848567
-0.990025456958262495277267589699
-0.990795839842383507800605002558
0.505392012004384660883715696400
-0.491116038294554135834601993338
0.501618645803695195617422086798
-0.993700199317156362965874905058
-0.991855104983092594750360149192
1.002625728891732181935481094115
1.505600934683170910588501101302
1.505180073931473350157261847926
1.001072760278685747081794943369
-0.490276844393124244803061628772
0.503700510403577772500227638375
-0.494321568257900523235548462253
0.500231352620775338024827760819
-0.494801594648839437873277802282
1.004432419918186658591707782762
1.008774237126929929075913605629
-0.499323785092821603726065404771
1.008823993297620624787214183016
1.501925995006134106901640734577
1.508432659389221885959386781906
1.007641758348693405977769543824
-0.493966790031302338537244622785
1.003580514918281707537062175106
1.504545115261768373216000327375
1.006705662711596893643672956387
-0.996236352915110146000188251492
-0.999352702452700802915330768883
0.507059283750418643421653541736
-0.492894875212141592157877312275
0.502845596612212064613345319231
-0.997840412805956256114825464465
-0.991009660705212458431390132318
0.503501035426914267389975066180
-0.999271580678320336943443180644
-1.491333432121358271160715958104
-0.997633210409794912720826687291
0.503929250344823276286376767530
-0.494350132880323589468218870024
1.004720096226553227580780003336
1.002190973804351736831108610204
-0.997626377397515362588364951080
-0.994955358254567712172899973666
0.501289184328153392122828790889
-0.490996340878440074018129735123
0.502627852099995164891765853099
-0.498510777264522086937859057798
0.501829542164627273592714118422
-0.498043962547003837837422679513
1.009129667616838865740191977238
1.504302050923253197822759830160
1.007552502940729510783057776280
-0.991748625076021572688489413849
-0.999092637700920493948331113643
0.506175494169851303283280685719
-0.491786438442408879723188874777
0.502295393224131192511094923248
-0.990667118167129601147280482110
-1.494648105177313723856968863402
-0.994824135098801520804556730582
0.509941066806774645492339459452
-0.998187892507575336153990974708
-1.490698885902133286052162475244
-1.497480470229709537122175788681
-1.494396082496008748563554036082
-0.999233945786955013446117845888
1.003596462679606560186584829353
1.002468868260282919280257374339
-0.992236079915757573921553102991
-0.990106512257875381877170184453
1.001513313565743024113885439874
1.500610870801670104768277269613
1.506613593725688149405073090747
1.009784893211100209597930188465
-0.490367358666050245918910377441
0.508626829017857273740332857415
-0.492704172269619711244104109937
1.005792919460505085993418106227
1.500156235222693812403349511442
1.009335008799703059523267256736
-0.494303709552027348284042318483
1.004692117052925937059626448900
1.500198345012268452691728271020
1.001742234922227803295413650631
-0.496561537063773206224226441918
0.509627212371280724489963631640
-0.493613518739807688451293188336
1.007019490387384585972085915273
1.003816755195185317361961097049
-0.492608440159019944637464050174
1.002082546101809468197529895406
1.002817504461770203860737638024
-0.994630926609990306808128934790
-1.498276985842384112501690651698
-1.491200537147386206981991563225
-1.497519452743329093635793469730
-1.495154716498946934066793801321
-0.990665982622028318260731793998
1.003672412091062060568447122932
1.505747575065746080014150720672
1.506870282206524302992534103396
1.504351761855373004195257635729
1.002577348649048794015925523126
-0.494784023277188678147098244153
0.507994714625555787712585242843
-0.995895355956565864197216342291
-0.993119364976710050640917870624
0.502526511044992574284151487518
-0.996101311953467516424609584647
-1.490582473910486038803924202512
-1.499326357274978205325055569119
-0.990856867556077491876465046516
1.000523598752591336591422077618
1.508115952988794861155952276022
1.503772423336356300893612569780
1.507011857675945920576054959383
1.002309446715138330219474482874
-0.998227244949478342839199740411
-0.999103365043427338321180286584
1.000078105721290633312037243741
1.503737405560698237039218838618
1.000417311296194267100645447499
-0.997176250193384627884540805098
-0.991247552278261445657392414432
0.507005219766207826381787526770
-0.495810720662579806905512214144
0.500214713915792086318390374799
-0.499511473328418054151711658051
0.509926688244473624855856996874
-0.495604186316640549225809309064
0.505934883526685807986211784737
-0.992603679545271067041767310002
-1.493870214202031254657754288928
-0.992480917237753557103019375063
1.005607491338160741634055739269
1.004940642139922291065090576012
-0.495465777719635069864523302385
1.008881503672357293766026486992
1.009848200752919922251749085262
-0.496178247446517006746802280759
1.002065249005642977309094021621
1.509263259309588045553596202808
1.002873434594232282535131162149
-0.492813623178411153169520275696
0.502360286520570187285272822919
-0.494046235726842308810802251173
0.503169990687506341053847336298
-0.999574171217171070225049334113
-0.999784932818917781993661719753
0.503015833427439607028475165862
-0.495367218722657487450788948991
1.004402307888188738971280145051
1.504408875543741697100585952285
1.505031352083640472372394469858
1.001308693513954795051290602714
-0.993494938449129505464441081131
-1.492303281699075556687716925808
-1.495589840866848430067648223485
-0.995352932403805734651314196526
0.501245156510582212661120138364
-0.999673522841561523755160578730
-1.497540442089276391257612885966
-1.495687660617519787464857472514
-0.998895259567670334988065405923
0.503569263589646931578158728371
-0.495286038647515525212838838343
0.505378265286765215869024814310
-0.992665314304184809302000758180
-1.494748035537293517904799955431
-0.998239949434840623254672209441
0.503082238227245959194533497794
-0.495632246140319587812683721495
1.005432978312005731780232054007
1.504215297245283355920264511951
1.003936689369163692830966283509
-0.990885495492692447427884872013
-1.493319111135447130322972952854
-1.490729565142254520182518717775
-1.498275583813608147210061360965
-0.993297341525744892365423766023
1.004778116006950439142997311137
1.503201747336524896070386603242
1.500514689807900259310713408922
1.008885729034130651626810504240
-0.499934106396341726430421203986
0.508261583369237324170342162688
-0.996302468455636081046122853877
-0.991467200524762337643380760710
0.500337279290644976192936610460
-0.499548984752844260626147843141
1.003992860335422454554077376088
1.006139015936993841293656259950
-0.993483548508649616515242541936
-0.997121888229666519798399804131
1.006383570548714523340549931163
1.504043670961891621118411421776
1.001714238731284734029713945347
-0.998733039965636115731228983350
-0.997540775638746213260787953914
0.508925288420403854061646597984
-0.497209660266187625232703339861
1.005535102408708691967831327929
1.001380659332050448995232727611
-0.990154596191690106188332265447
-0.991047695012310159157209454861
0.501682264008627698537168271287
-0.497824028300445919903438607435
0.508805604654632981365125488082
-0.997056073656479968647659006820
-1.498995118197854026220738887787
-0.994019264245324163375983061997
0.501483825483957645907651112793
-0.499268690718813634710215865198
1.006340728046622334801440956653
1.509716550501560838881687232060
1.501888510252070485506692421040
1.008549463148471492246471825638
-0.993700190331007648936179066368
-1.491363181128360748672889712907
-1.496684675371031003621169475082
-1.496510469230085682568187621655
-0.994291469622631152169844881428
0.502231542092514637865008353401
-0.496958214283972132818689715350
0.501246775558017221285922460083
-0.991558125200083129158201700193
-0.995266315223946484991301986156
0.501434766057751724055435715854
-0.990893677972750408500246521726
-0.997824243990011350291524649947
1.000442707768499417397833894938
1.504910288255869366125239139365
1.006518811773772892337319717626
-0.494547180469154967763500962974
0.506667524451972828281043348397
-0.995798610496937630642833028105
-1.491681790729173284759667694743
-0.993863043335237672515347640001
0.502025007649491317174295090808
-0.491103172383374808607214845324
1.000790171339631662306146608898
1.003629322436998316803169473133
-0.493875555080646400085697678151
1.009717402954079190635638951790
1.503543230129766428149196144659
1.002021112592058615931023268786
-0.493383520685436061103956717488
0.508176776724464041024020843906
-0.496935063401215793010834431698
1.005120065570599185988953649940
1.007195722057915077130019199103
-0.494341157553583931960616837387
1.008850259961947548603689028823
1.001906696546318809026843155152
-0.491603689975681712454047556093
0.500792951102380978767314445577
-0.996689793443884086698858482123
-0.991337018476747044992691826337
0.505319052017790149022857804084
-0.990719235261055319874401448033
-1.493775147808935610527214521426
-0.992060199356424865513304212072
1.002344296519942057344110253325
1.004900813114506297196726336551
-0.495219357957814354520564847917
0.502946521996046724822804208088
-0.995383905092105725209705724410
-1.493456988849165112398509336344
-1.490694328155516945599856626359
-0.994620715150514644875556768966
0.500992981051239794076934686018
-0.996165255361718848803320724983
-0.996937670765301486852649759385
0.502581027757213805173819309857
-0.995589002373995279882024078688
-1.496839550315711919736827439920
-1.492134338934337778326266743534
-0.995573351903739189872055703745
0.508788579251104100542590913392
-0.496976769263788087371835899830
0.509813198707119830110912062082
-0.498747535652920959137190948240
0.506242178192214731247133840952
-0.998757438001185438025686380570
-1.497752735719977135175895455177
-0.991966702377050979499983895948
0.505507603404363625720918662410
-0.996300301768339391372819591197
-0.999388923964417585921182762831
1.008719222997428444088541255041
1.506544069693484866334642902075
1.500399743583352263343044796784
1.003632254579314375675380688335
-0.494962905678029030376308128325
0.500415677382586743249248684151
-0.999132943764102443573449363612
-0.993558421178259321138170889753
1.008912521088987324091590380704
1.003403025944457960250133510272
-0.999595802445978454109365429758
-0.995214989806119665338712820812
1.007754968493616676283863853314
1.507737607283955005854636510776
1.008000777731254515856562647969
-0.492247045920789216832957890801
1.007175122853610771400667545095
1.000769612158975974125496577471
-0.993245153202132136094348879851
-0.990468525995291781960361277015
1.004975365708641543704970899853
1.502693202981167930332162541163
1.008716809169210470997768425150
-0.492359885583473155801215170868
0.505531248475911909601165916683
-0.499859755615997436439812418030
0.504196466059973813500505457341
-0.995971134673210523047259812301
-0.992632836270654239640975902148
1.009555979708552708729030200629
1.504958242239688104291417403147
1.504458470150696003386769916688
1.005877859360498893792623675836
-0.494185413758179981069673658567
0.506635628694586781506359329796
-0.497831287721325621564716357170
1.004230735729882972862014867133
1.508191987519839738496330028283
1.005671066359307364024289199733
-0.495926230932948464147358436094
1.001556934948971022691921461956
1.501858960000225895470293835388
1.000719261663664205741497426061
-0.490933372059539852028109407911
1.005602643398999962442985633970
1.507186035655906142238791289856
1.006935135360945920979247603100
-0.493979592555939428510924926741
1.001108831139814858701697630750
1.004426871763155482142337859841
-0.496903611151370605547583636508
1.000036072539522757907093364338
1.005079382555841727153733700106
-0.490739164222906976142724033707
1.009616735077199400905101356329
1.501219272958945749607551078952
1.007841861635028424259985513345
-0.499756223605152483102642690938
1.001431592930252190143391999300
1.501443205247755985354274343990
1.502832212638251618841422896367
1.500255662172568893453217242495
1.502082289160663997051869955612
1.500744381651227143947835429572
1.007007822926464957191683424753
-0.491384846261548102752669819893
1.005326354208968764325504707813
1.000651748828440545935336558614
-0.497677882068027988005098904978
1.000974546890049721170612428978
1.509815807858492897608471139392
1.004912239387693473346985229000
-0.498294918411894771637093981553
0.505653030397274383389571994485
-0.497471388983717011100793570222
0.506189871622094278436065906135
-0.995372049703883154947448019811
-1.493835006634137707592913102417
-1.491903858228012857978228566935
-1.495037823114413688685431225167
-0.998385640825067199877196344460
0.504570507036543380863236052392
-0.994309453752317273789174123522
-0.997927657063521045266440978594
1.008472613056661915109657456924
1.506815091067447820449842765811
1.001239800816249969628302096680
-0.992267072665066973691239127220
-0.992460799777517665987147665874
0.505884653553442253937078021409
-0.494841291197415211744470298072
1.004966875664268899370767940127
1.500964251970382301593076590507
1.500444945224835402441954101960
1.008043170297645785282725228171
-0.995873554399065219477904520318
-1.494307924814758159470784448786
-1.493603908201256214027807800448
-0.991189358850188217964216619293
0.506726508941451214695916860364
-0.495505186544779541168992409439
1.005268542099815531898343579087
1.002347069774092380711749683542
-0.491315559066593909864906208895
1.006055144254420552485385087493
1.500659875968379131094820877479
1.007518712101274083181579044322
-0.490071945456037660893144902730
1.009256054814078540360355873418
1.506748703827035740232531679794
1.506312422828872010782674806251
1.009917059558432583799003623426
-0.492012405101493077719254642943
0.503588968503035805390766199707
-0.491324617663167817482872123946
0.509401091589194332520662555908
-0.495573913591098702546844378958
0.503743222808702872939079497883
-0.494637837674960334499729697200
0.501534361840617060046554342989
-0.491729654884784872503900032825
1.002088637889600786223809336661
1.507423588505019118599648209056
1.503551504241263936378913967928
1.502713951081312782065424471512
1.008367468593392990428014854842
-0.490204072656976741484413651051
1.003476210646960575800790138601
1.509271953667725485459527590137
1.501887686299749002927228502813
1.504013109610641718560941626492
1.503596912007332253580216274713
1.006163329688964269692519337696
-0.996453133070823837691420976626
-0.997484129574752409475024705898
1.006479992988661420483254005376
1.504688915130964144140079952194
1.006982091611583030044130282477
-0.994548888997508928611068768078
-0.995935078434129983371292382799
0.505017665082727384984195850848
-0.991736667247982039974374401936
-1.492745132223264992177291787812
-1.496636802216257944309063532273
-0.995158348124337788220827860641
1.000312249679294662740858257166
1.008835294803633431115486018825
-0.990308371176325863416423089802
-1.492479886300018154798863179167
-0.991128427127736744139951952093
0.501693610192811334513862675522
-0.496456413101388160935556470577
0.501398813583989189091028038092
-0.999473303619966557675979856867
-0.996205779990590900574431998393
1.005411493190972782585390632448
1.008020635199044612306806811830
-0.991302294045126819455049371754
-0.997569244272658139927045795048
0.508704160434740204621562043030
-0.990942576426724452964833744772
-1.493866763218545390401459371787
-0.992153360930119521121639536432
0.509561601101349626041780993546
-0.994793736203288592179205807042
-1.498799739667049824021205495228
-0.998101442169709973661895219266
1.005945683828792347469516244018
1.006830457938315603882983850781
-0.996090740151009845781970852840
-1.496924459790232919687014145893
-0.992294581639594275301874404249
1.007074634725902750886916692252
1.508650381877293611410095763858
1.506379869200333176948447544419
1.506696167416589515752889383293
1.504864773149525269957393902587
1.503888473840907069600802969944
1.006206496711428588497483360698
-0.493983737184933269226405627705
1.002209153771214111827703163726
1.503607924670434581315703326254
1.000892317242645157548963652516
-0.493318145625191273317966533796
1.001443421831132774002526275581
1.504964428305019197296132915653
1.509834256574664967942567272985
1.509036780240299080446675361600
1.007372962459158749481957784155
-0.491823297440963203008834625507
1.006963100514997044854226260213
1.509682745475368292886741983239
1.501769519474723812990646365506
1.506370238990808463341863898677
1.504013342333797798033856452093
1.003696055868413594680532696657
-0.990383679938590333335923787672
-0.991781294387194534145635316236
1.002983342952585399387999132159
1.005562060489914921745935316721
-0.993097037296322926458458368870
-1.494291413568013870971640244534
-1.496260635167562469405311276205
-0.999316166805297445563383007539
0.507157086929796330210251653625
-0.992680064730160571784267631301
-0.996208047460235723846722066810
0.500647265743048186514840836026
-0.499397309304770553595176352246
0.507153439860754118306829241192
-0.492772235078713871647693167688
1.008864631025384595020000233490
1.503755122727352011580137514102
1.005962636850326274995381936606
-0.493319444794730832537510423208
0.507427310289984556668230197829
-0.990429984151986686491397904319
-0.996329005235153108976930980134
1.006149993166675526978792731825
1.008648724906972438120078550128
-0.991257263267213195589988572465
-1.498045743940837226659823500086
-1.497573951179889339968553940707
-0.996357802428312511189290034963
1.002630530654365914600134601642
1.002306233502741283913906045200
-0.490916446469980782829622967256
1.006018772488443735468877093808
1.507825154427403946399977030524
1.005493265813199199598670929845
-0.999487816916597160421531498287
-1.495541500669389511912754642253
-0.997818588989426102919821914838
1.002733914916706270403778944456
1.507955415598315473957313770370
1.004383360992134655020890932065
-0.994011287083889305549178061483
-1.497527361176500537709443960921
-0.999937339255788870673313795123
0.502272097281466489704371269909
-0.498970811370670730422460792397
1.009321898048004761960783071117
1.509156024140616780826462672849
1.005029526111866244875159281946
-0.991444601307960970970611924713
-0.997099754566371010433556421049
1.008465594955015864897518440557
1.002556552692753566446981494664
-0.494509114213327993780922042788
1.003215674335359963720293308143
1.502903895446399129554038154311
1.506055740065961989770926265919
1.502642067539506243178948352579
1.006924524177979174410779705795
-0.990131778563396292014431310236
-0.991066801494909110914477423648
0.501295803212440604923472164955
-0.999836629434368351354578408063
-0.994836552928797357431278669537
0.508820486638828395342670773971
-0.992915374670098160869713410648
-0.991387000324980505183702916838
0.506542319420903219828744568076
-0.496099028507646366836780771337
0.503409496979718040776674570225
-0.992889110969657151528622307524
-0.992285270885170933574670470989
0.508241223921481299896640848601
-0.498039655754606347404234156784
0.503086850157733911359514422657
-0.499754693263916693890536180334
0.502092933555346898621962736797
-0.995726856617290767559325104230
-0.992002707208664791238561520004
1.009333031625713861245685620815
1.508017182204621109420372704335
1.506328473378888865852331946371
1.505657592775255126937850036484
1.501772550335979117264173510193
1.007228552884414929380341163778
-0.996918902916703486560834335251
-1.493431534529652271459099210915
-0.994576884293368657097289542435
0.504883091870342637363933135930
-0.992847362227003871204544793727
-1.498604949035493572040422805003
-1.495173298991752552922207541997
-1.498926578002454546023614057049
-1.495933844846637938985622895416
-0.994898487056149138929583841673
1.008158765190724004412459180458
1.502528030378528223209855241294
1.006537126914252455733844726637
-0.491487754992678937959738050267
0.502058291737230821816240222688
-0.999259885558724025855781292194
-1.493146723126712149820605191053
-0.998445735227968089731120926444
